GLong	x1	x2	x3
64,8010272859	7634,519434341017	-70688,95068840733
69,8139509574	7466,275722784425	-68796,05044936527
74,8812339126	4937,464218663613	-69263,71800288746	-32163,12689211192
79,8871988817	4253,439426390315	-72008,88674575939	-32847,151684385215
84,8475571293	-4876,928972603168	-41977,5200833787	-72894,67934235831
89,8429226712	4321,012962950932	-78124,7450609947	-34840,72209842324
94,8490615036	963,667883398873	-54687,21878276443	-91787,80989353996
99,8240282774	-465,8047532123994	-62300,12327117162	-93217,28253015123
104,793874870	-2020,0310081037376	-59732,06162486567	-96832,65273564121
109,835874994	-1665,1633618901526	-53193,76212685617	-98538,92904002627
114,813115142	-1334,875374888206	-52863,474139854225
119,824629693	-9318,353982911349	-48480,08904428553
124,820461577	-6998,198967374744	-54404,50983114348
129,845544327	-4685,47783976997	-54152,932654137345
134,797381370	-4332,24997346118	-45555,12898543399	-78533,43219501224
139,879874853	-6065,7714796188575	-39044,07468919711	-72022,37789877536
144,828625635	-36451,45428657768	-1412,0071264007788
149,868255323	-31734,453310673714	3304,9938495031765
154,839072739	-26814,29189865716	8225,15526151973
159,794883545	-17581,963294623816	-48499,122553603425
164,863131871	-10272,876033375518	-41190,035292355125
169,808456180	-8847,887152149837
174,812366351	-3085,5417825289815
179,794700486	-1166,6138432929201
184,870216977	5124,164502903214
189,873205516	3499,3547745314977
194,847703973	8376,488031861902
199,816578645	7390,340888634562	42429,78804881145
204,891958465	8780,82658968389	43820,27374986078
209,861542954	10518,63292960051	45558,0800897774
214,826552915	49689,44328120736	6405,420318635902
219,791355971	14993,06992772559	54154,804989099764
224,859402050	15680,794788902238	61025,96170207233
