# BEGINHEADER
# This file contains data from the SALSA 2m radio telescope.
# DATE=2023-04-11T13:56:0043
# GLON and GLAT given in degrees
# GLON=159.79488354535937
# GLAT=-0.2488769380197251
# DATA in two columns below. Col. 1 is velocity relative to LSR [km/s]. Col. 2 is uncalibrated antenna temperature [K].
# ENDHEADER
237.99988657960765 15.984175113285758
235.938742629009 27.996954882089824
233.87759867841035 24.753077183147152
231.8164547278117 29.27270694258008
229.75531077721308 26.643012789846967
227.69416682661443 30.121840078690596
225.6330228760158 34.65999947160073
223.57187892541714 31.5364467689433
221.51073497481852 27.58030037420211
219.44959102421987 33.59823132815503
217.38844707362125 28.57509848138394
215.32730312302257 29.861281043668065
213.26615917242395 25.9817709648768
211.2050152218253 25.439576359298506
209.1438712712267 33.176809561503546
207.08272732062804 31.875063020174647
205.0215833700294 27.85951122190995
202.96043941943074 26.583343076543855
200.89929546883212 27.94018139704502
198.83815151823347 30.22121130656399
196.7770075676348 33.64184639152997
194.71586361703618 30.08086699244716
192.65471966643753 29.26660395084952
190.5935757158389 30.902258568828717
188.53243176524026 36.031030708858324
186.4712878146416 34.37027251281762
184.41014386404296 31.882338288756035
182.34899991344435 31.59803561287282
180.2878559628457 30.318544231353552
178.22671201224708 29.699049885054407
176.1655680616484 29.61400742658632
174.10442411104978 33.2389989095244
172.04328016045113 32.57171318045636
169.9821362098525 33.19901677914262
167.92099225925386 35.80466725437772
165.85984830865522 32.445813331186734
163.79870435805657 30.664446651429895
161.73756040745795 35.44074933445269
159.6764164568593 37.0922156992591
157.61527250626062 32.79386638740649
155.554128555662 29.80149954640195
153.49298460506336 30.101047429988114
151.43184065446474 38.571512449550234
149.3706967038661 32.813612681555675
147.30955275326744 27.269705178102043
145.2484088026688 31.557006483276886
143.18726485207017 33.64026460011752
141.12612090147152 35.168598233132336
139.0649769508729 34.88940185443764
137.00383300027423 36.714811373172346
134.9426890496756 33.83138187071395
132.88154509907696 31.877220933815888
130.8204011484783 36.47523671469014
128.7592571978797 31.87963308299455
126.69811324728104 36.74094612003336
124.6369692966824 37.14758761704408
122.57582534608376 35.13302271261254
120.51468139548511 35.384040050362415
118.45353744488648 32.07677236082851
116.39239349428783 29.741529691176872
114.3312495436892 35.72515965931855
112.27010559309056 33.119118350705946
110.20896164249191 39.133658211206495
108.14781769189328 39.06082762637587
106.08667374129463 35.373370168668615
104.025529790696 37.679967422877986
101.96438584009734 33.41052349392862
99.9032418894987 39.0363392286924
97.84209793890007 35.8004844923038
95.78095398830142 34.78975397268486
93.71981003770279 38.780203525960246
91.65866608710414 36.242264725053005
89.5975221365055 31.539992176198712
87.53637818590686 37.08728189986989
85.47523423530822 32.99706888722967
83.41409028470959 38.408463832066865
81.35294633411094 34.56477859080299
79.2918023835123 33.21248125841183
77.23065843291366 37.05438556962585
75.16951448231502 34.989911794870615
73.10837053171637 35.41229663354974
71.04722658111774 34.78569652825882
68.9860826305191 41.094772148578556
66.92493867992046 32.951859797765685
64.86379472932182 33.79685684846959
62.80265077872318 37.222881072288416
60.741506828124535 39.677787865870236
58.680362877525894 33.736913279765304
56.61921892692725 35.79139605613403
54.55807497632861 38.196703463751724
52.496931025729964 35.17361598449098
50.43578707513133 39.98342435660546
48.37464312453269 38.554746835170356
46.31349917393405 36.04696884543985
44.25235522333541 34.63863948725603
42.191211272736766 32.932768338562916
40.130067322138125 41.144024864700036
38.06892337153948 40.977891859284355
36.00777942094085 38.434160964131586
33.9466354703422 36.54874782383633
31.885491519743564 33.33322622064648
29.82434756914492 38.8851440937609
27.763203618546278 33.25289081415203
25.70205966794764 34.307564448860816
23.640915717349 41.25495933509295
21.57977176675036 36.17590530002441
19.518627816151717 39.334312417954564
17.457483865553076 39.70490049091357
15.396339914954435 42.10276470895688
13.335195964355796 46.73791263834558
11.274052013757155 48.87543507225678
9.212908063158515 57.10588984045494
7.151764112559874 67.79536965526833
5.090620161961232 72.51593277247318
3.0294762113625917 85.04424705166146
0.9683322607639512 86.14705761834706
-1.0928116898346896 94.49487609078302
-3.1539556404333307 90.9678725311553
-5.215099591031971 95.38756494992019
-7.2762435416306115 94.9612716321125
-9.337387492229253 95.86076648910151
-11.398531442827894 97.18329788377326
-13.459675393426535 97.05968311592491
-15.520819344025176 98.60504597083607
-17.581963294623815 99.88199101775636
-19.64310724522246 97.74229917110567
-21.704251195821097 93.15300238806583
-23.76539514641974 92.9849919257481
-25.82653909701838 92.40658930781656
-27.88768304761702 95.29947901040899
-29.94882699821566 95.73451277535081
-32.0099709488143 93.29748024217105
-34.07111489941294 87.05758785288683
-36.13225885001158 78.72197443145033
-38.19340280061022 71.08583464580921
-40.25454675120886 73.23417827386028
-42.315690701807505 70.43510455097355
-44.37683465240615 58.45459994685134
-46.43797860300479 57.173565009362754
-48.49912255360343 50.84951974335326
-50.56026650420207 49.006378048664736
-52.62141045480071 49.926719900397146
-54.68255440539935 46.48783130829297
-56.74369835599799 48.99414051465968
-58.80484230659663 44.946332522858214
-60.86598625719527 42.19206824771932
-62.927130207793915 42.39865625313257
-64.98827415839256 36.74251090536516
-67.04941810899119 37.32645229997463
-69.11056205958984 38.508909247557675
-71.17170601018847 38.72077002734261
-73.23284996078712 43.03785665906585
-75.29399391138575 37.52917975823013
-77.3551378619844 33.26288825748942
-79.41628181258304 36.485310625706646
-81.47742576318167 36.09956150009681
-83.53856971378032 34.440850113228926
-85.59971366437895 39.5680266875608
-87.6608576149776 33.6524058200834
-89.72200156557624 32.59020793551757
-91.7831455161749 32.27611445202883
-93.84428946677353 29.091677328014256
-95.90543341737217 31.235512555314077
-97.96657736797081 29.05684120331035
-100.02772131856945 28.808056380082828
-102.0888652691681 33.26570375293222
-104.15000921976673 29.541317573688573
-106.21115317036538 28.106544744833997
-108.27229712096401 32.36053700864479
-110.33344107156265 33.134932627844066
-112.3945850221613 30.589532671579253
-114.45572897275993 28.573985161369347
-116.51687292335858 32.08780472653957
-118.57801687395721 27.232263258337028
-120.63916082455586 29.067333899730187
-122.70030477515449 32.815273128822675
-124.76144872575313 30.530044969633227
-126.82259267635177 31.50053674858499
-128.88373662695042 31.367737375645415
-130.94488057754907 32.309176210820034
-133.00602452814772 27.930748786071852
-135.06716847874634 30.727627260780405
-137.128312429345 31.219405426501705
-139.1894563799436 31.68688627233073
-141.25060033054226 29.707256182658455
-143.3117442811409 32.807705371488304
-145.37288823173955 30.091292493033663
-147.43403218233817 32.85554491878461
-149.49517613293682 28.47000033079518
-151.55632008353547 28.96719961380397
-153.61746403413412 27.75798989091222
-155.67860798473276 22.687201647310573
-157.73975193533138 24.24330612838269
-159.80089588593003 27.49664031484367
-161.86203983652868 26.64377654729984
-163.92318378712733 28.129708778455832
-165.98432773772595 26.063480789751296
-168.0454716883246 24.590296215828236
-170.10661563892322 29.667502590353358
-172.1677595895219 28.24622256344763
-174.2289035401205 32.8009235375129
-176.29004749071916 28.436198512621935
-178.35119144131778 29.573182919604736
-180.41233539191643 32.903859292614406
-182.47347934251508 25.465256318023968
-184.53462329311373 25.538926660234083
-186.59576724371234 33.050392896356946
-188.656911194311 27.908265390283606
-190.71805514490967 23.123791338902233
-192.7791990955083 27.040718113398295
-194.84034304610694 27.621519729194056
-196.90148699670556 30.730745756893896
-198.9626309473042 32.883031341798485
-201.02377489790285 29.08610779194419
-203.0849188485015 25.45231478956712
-205.14606279910012 26.87821431092624
-207.20720674969877 28.934308412412644
-209.2683507002974 29.43888227981629
-211.32949465089607 23.4415576804012
-213.3906386014947 27.45173800611886
-215.45178255209333 30.72920549017656
-217.51292650269195 23.082766623115784
-219.5740704532906 22.3097790289932
-221.63521440388925 21.88628046891519
-223.6963583544879 28.784296674874692
-225.75750230508652 29.58190704819156
-227.81864625568517 32.335946576394406
-229.87979020628384 28.385942006018865
-231.94093415688246 24.192497174582538
-234.0020781074811 25.425258366285046
-236.06322205807973 24.330005508705174
-238.12436600867838 29.13264334880995
-240.18550995927703 26.371270260974956
-242.24665390987568 26.332358357711588
-244.3077978604743 26.533329911953164
-246.36894181107294 26.708080139548276
-248.43008576167156 28.805168131698533
-250.49122971227024 28.963503957167845
-252.55237366286886 30.246870396723033
-254.6135176134675 32.30707731402243
-256.6746615640661 28.212602494676926
-258.7358055146648 27.034415187535462
-260.7969494652634 27.300689204187393
-262.8580934158621 31.529148847258835
-264.9192373664607 29.95116175005908
-266.98038131705937 31.30449858739297
-269.041525267658 32.81426659408385
-271.1026692182566 26.783804605607873
-273.16381316885526 26.48556643059796
-275.22495711945396 27.00254632663092
-277.28610107005255 32.28819724170386
-279.3472450206512 30.209701693160337
-281.4083889712498 30.550458964569387
-283.4695329218485 26.810677188237868
-285.53067687244715 32.05621511300935
-287.59182082304574 32.724487832876335
