# BEGINHEADER
# This file contains data from the SALSA 2m radio telescope.
# DATE=2023-04-11T13:49:0001
# GLON and GLAT given in degrees
# GLON=119.82462969396668
# GLAT=-0.12316376199962618
# DATA in two columns below. Col. 1 is velocity relative to LSR [km/s]. Col. 2 is uncalibrated antenna temperature [K].
# ENDHEADER
266.8749353973065 14.76300742466512
264.81379144670785 30.091086926133965
262.7526474961092 24.658147768792382
260.6915035455106 28.123284871682156
258.6303595949119 26.667317863082907
256.5692156443133 26.419946154224355
254.50807169371467 27.23156801605116
252.44692774311602 27.693327184688616
250.38578379251737 23.824677153040227
248.32463984191872 28.02491408541606
246.26349589132008 27.717815894656837
244.20235194072146 26.005361372116802
242.1412079901228 27.946560263896814
240.0800640395242 26.182677301871358
238.0189200889255 25.734907700049057
235.9577761383269 27.880814876142214
233.89663218772824 25.090620660585408
231.83548823712962 30.588547464467435
229.77434428653098 27.15638317093894
227.71320033593233 29.72969086942326
225.65205638533368 25.278573828456313
223.59091243473506 30.760767653644997
221.5297684841364 33.01393270576405
219.46862453353776 24.665663310104154
217.40748058293912 28.572178509691913
215.3463366323405 25.432522356224073
213.28519268174185 22.43134837275854
211.2240487311432 29.811097045297693
209.16290478054455 27.168711911451474
207.1017608299459 27.917505287752757
205.04061687934728 29.8300278562298
202.97947292874863 30.563922340320627
200.91832897815002 25.300606068514252
198.85718502755134 27.605981454761608
196.79604107695275 30.740434457982882
194.7348971263541 31.035495726539445
192.67375317575545 28.973620988733384
190.6126092251568 32.04783378212839
188.55146527455818 31.7937843387218
186.49032132395953 28.77928781599193
184.42917737336091 34.37829557590503
182.36803342276224 28.911404674321755
180.30688947216362 25.06711415141175
178.24574552156497 31.607089975505442
176.18460157096635 35.13912258388922
174.1234576203677 31.262912543793952
172.06231366976903 32.58650158578372
170.0011697191704 33.85265670607633
167.94002576857176 34.06052615531941
165.87888181797314 32.476653619520846
163.81773786737446 31.88126289719136
161.75659391677584 32.39408902463034
159.6954499661772 28.972352612689843
157.63430601557857 31.761083387607407
155.57316206497993 31.77615939122514
153.51201811438128 30.28847500063222
151.45087416378263 34.62763594256946
149.389730213184 31.417030112654448
147.32858626258536 27.216151538194648
145.26744231198674 29.82969487238616
143.20629836138806 37.19308820827704
141.14515441078944 32.4631509284778
139.0840104601908 31.3699691785129
137.02286650959218 38.904854033484085
134.9617225589935 33.641011735859365
132.90057860839485 32.796558644943765
130.83943465779623 30.023907126525113
128.77829070719758 35.02336057147742
126.71714675659895 36.69405606041445
124.65600280600032 31.39735428459787
122.59485885540167 31.5161965211596
120.53371490480303 35.40678121251712
118.4725709542044 33.090862901659285
116.41142700360574 30.532006829504095
114.3502830530071 34.34768885179235
112.28913910240846 31.785095866126678
110.22799515180982 31.271975702962216
108.16685120121117 38.81023345954647
106.10570725061254 36.76302738973076
104.0445633000139 34.49511415249188
101.98341934941526 34.26784846981042
99.92227539881662 30.006134639523367
97.86113144821798 36.49347525428905
95.79998749761933 31.9276361914884
93.73884354702069 30.088784805241907
91.67769959642204 32.551007829213376
89.61655564582341 36.226188892427956
87.55541169522476 38.360611564646014
85.49426774462613 34.845264239432964
83.4331237940275 31.37470462887944
81.37197984342885 33.43222363840848
79.31083589283021 35.04414550596498
77.24969194223155 34.982214511527054
75.18854799163292 36.435242792138204
73.12740404103427 29.81759081620083
71.06626009043563 35.806398032178954
69.005116139837 34.3651041056051
66.94397218923835 32.35574927380565
64.88282823863972 33.31147274014811
62.82168428804108 37.37017838477651
60.760540337442436 41.29249330431993
58.699396386843794 35.4464730928138
56.63825243624515 30.247233677836494
54.57710848564651 33.36073134280099
52.51596453504787 35.87901193843408
50.45482058444924 36.28482683288084
48.39367663385059 38.158109677017514
46.33253268325195 36.947768792144984
44.27138873265331 36.66249911849617
42.210244782054666 32.979808355596305
40.149100831456025 34.47008371575399
38.087956880857384 35.87995869856403
36.02681293025875 32.02315689683093
33.96566897966011 34.83258628859848
31.904525029061464 37.35720521925936
29.843381078462823 34.65914736390843
27.78223712786418 32.54601349425617
25.721093177265544 41.001256626453824
23.659949226666903 37.11269099165408
21.598805276068262 35.08079155458858
19.53766132546962 36.46213651202651
17.476517374870983 34.22831831158771
15.41537342427234 35.96438248156554
13.3542294736737 36.49249167832359
11.293085523075058 41.97642088709458
9.231941572476419 44.15854629588674
7.170797621877777 52.50638017816196
5.109653671279136 63.14870780323338
3.0485097206804954 73.80884010040383
0.9873657700818546 82.0391428007984
-1.0737781805167863 90.76269599055051
-3.1349221311154274 86.62331846429139
-5.196066081714068 87.02614116100868
-7.257210032312708 90.53240687018011
-9.318353982911349 90.85601781284512
-11.379497933509988 84.53807750926441
-13.440641884108631 85.57999005393255
-15.50178583470727 77.09331581398745
-17.56292978530591 65.6877477761273
-19.624073735904553 62.04283718028855
-21.685217686503194 58.360136858801155
-23.746361637101835 49.62794237721036
-25.80750558770048 52.16745241337269
-27.86864953829912 54.1394604827157
-29.929793488897758 56.44532159894186
-31.9909374394964 58.238120677848194
-34.05208139009504 63.988316917827206
-36.11322534069368 66.64274466174777
-38.17436929129232 70.07698936513891
-40.23551324189096 65.69964407341328
-42.296657192489604 67.27340363241856
-44.357801143088246 74.46827133835835
-46.41894509368688 80.76454230437902
-48.48008904428553 84.86205716143903
-50.54123299488417 78.65688008679003
-52.60237694548281 83.89463269431855
-54.66352089608145 84.33867467351412
-56.72466484668009 84.2449001866469
-58.78580879727873 84.73496292957745
-60.84695274787737 79.64545520119461
-62.90809669847601 81.18444493525267
-64.96924064907465 76.17250986974996
-67.03038459967328 65.59289033551255
-69.09152855027193 58.4058581420538
-71.15267250087057 52.75359792059709
-73.21381645146921 51.7627830717534
-75.27496040206785 46.33505855265685
-77.33610435266651 46.31059565633833
-79.39724830326514 41.89681563393296
-81.45839225386378 42.27840166303149
-83.51953620446243 41.53843151307291
-85.58068015506106 34.18823161132165
-87.64182410565971 42.84527423657741
-89.70296805625834 38.333257521068624
-91.76411200685699 42.10446683745116
-93.82525595745562 38.603599664643426
-95.88639990805426 40.245018174275195
-97.9475438586529 38.88399360459475
-100.00868780925154 45.50089422277564
-102.06983175985017 40.88531599317359
-104.13097571044881 35.70900419126208
-106.19211966104746 39.262914201060305
-108.25326361164609 40.278726979454916
-110.31440756224474 33.763975022885916
-112.37555151284337 32.84736449236926
-114.43669546344202 33.379253293393504
-116.49783941404067 30.852018903082765
-118.5589833646393 32.55802215057381
-120.62012731523795 31.825347558483656
-122.68127126583659 26.36058290898329
-124.74241521643523 30.460616920838433
-126.80355916703387 30.907623628941735
-128.8647031176325 29.35519745832578
-130.92584706823115 28.570102239878132
-132.98699101882977 26.545181359413053
-135.04813496942842 28.29955765389619
-137.1092789200271 26.818584422649874
-139.1704228706257 28.090508993614645
-141.23156682122436 31.203424741450174
-143.29271077182298 26.745016728171485
-145.35385472242163 22.8840558184368
-147.41499867302028 28.971158278692023
-149.47614262361893 26.541838920472117
-151.53728657421755 29.330604844791058
-153.5984305248162 27.752356760654276
-155.65957447541484 22.348916939776366
-157.7207184260135 27.627471705636076
-159.7818623766121 25.44203198978012
-161.84300632721076 24.94961920078319
-163.90415027780938 29.0637767524245
-165.96529422840806 24.824912330150976
-168.02643817900667 28.098776757271747
-170.08758212960532 28.322102758131344
-172.14872608020394 25.835119313843684
-174.2098700308026 26.161359307489253
-176.27101398140127 22.20357309152559
-178.3321579319999 22.776417842545793
-180.39330188259854 26.214086763305666
-182.45444583319716 24.703365074083454
-184.5155897837958 26.040386089807164
-186.57673373439445 27.70096373710849
-188.6378776849931 27.785529802656093
-190.69902163559172 32.94083437193832
-192.76016558619037 26.452348792130334
-194.82130953678902 27.03173959411334
-196.88245348738766 31.17867224966769
-198.9435974379863 29.6978878390906
-201.00474138858496 28.45586544231776
-203.06588533918358 25.636243061365562
-205.12702928978223 25.014715170226655
-207.18817324038088 20.271064915244352
-209.24931719097953 27.417085704085434
-211.31046114157814 24.303262214535728
-213.3716050921768 26.725434921128066
-215.43274904277544 27.2953484631555
-217.4938929933741 25.915134736596443
-219.55503694397274 26.58959896158367
-221.61618089457136 26.515974170760284
-223.67732484517 29.69704086776209
-225.73846879576863 22.86543597792154
-227.7996127463673 27.343196761657214
-229.86075669696592 30.72046307005074
-231.92190064756457 28.201606477861986
-233.9830445981632 22.656702049050814
-236.04418854876187 24.721710748913335
-238.1053324993605 29.110895604142687
-240.16647644995913 28.939990598286013
-242.22762040055775 23.479422692299046
-244.2887643511564 26.271916577659784
-246.34990830175505 23.39952894026829
-248.4110522523537 26.63121147681435
-250.47219620295235 29.858753670641107
-252.53334015355097 27.05390237818529
-254.59448410414961 30.320993159843137
-256.65562805474826 26.955410784164307
-258.7167720053469 26.78818966384934
