# BEGINHEADER
# This file contains data from the SALSA 2m radio telescope.
# DATE=2023-04-11T13:45:0019
# GLON and GLAT given in degrees
# GLON=94.84906150366328
# GLAT=-0.020370404590370865
# DATA in two columns below. Col. 1 is velocity relative to LSR [km/s]. Col. 2 is uncalibrated antenna temperature [K].
# ENDHEADER
285.40153306601127 11.172570929980015
283.3403891154127 33.14793130534738
281.27924516481403 27.368114838386337
279.2181012142153 26.110524977528655
277.15695726361673 27.95693341922214
275.0958133130181 27.05973243190075
273.0346693624194 31.837111832676413
270.9735254118208 24.539307127658695
268.91238146122214 26.333773469902766
266.85123751062355 27.08888024908101
264.79009356002484 26.772632649049495
262.7289496094262 25.87681139293295
260.6678056588276 26.83321593311352
258.60666170822896 25.812268819445816
256.5455177576303 26.442288992678247
254.48437380703166 25.50631306923919
252.42322985643304 21.99948044711082
250.3620859058344 27.63575923846247
248.30094195523574 29.146420683137205
246.2397980046371 30.608124765810693
244.17865405403847 29.155666672728906
242.11751010343983 27.167965203275084
240.0563661528412 30.858960664119575
237.99522220224253 28.992331052768197
235.9340782516439 29.581490672320417
233.87293430104526 30.668689215677702
231.8117903504466 26.5757457882353
229.75064639984797 30.18550966575742
227.68950244924932 31.6103223895317
225.6283584986507 29.30145353756351
223.56721454805205 29.524150123341446
221.50607059745343 30.7874284862629
219.44492664685475 31.866059400319518
217.38378269625613 34.04594433347853
215.32263874565749 28.818014847991872
213.26149479505887 32.01645388737195
211.20035084446022 35.13538553362865
209.13920689386157 28.990797605786188
207.07806294326292 32.79342293767291
205.0169189926643 29.33605043602508
202.95577504206565 31.820906931711026
200.894631091467 29.32362691359679
198.83348714086836 27.626014938942596
196.77234319026977 32.38585061801135
194.71119923967112 30.293696842866677
192.65005528907244 31.457007601524793
190.58891133847382 30.09695199452463
188.52776738787517 31.390427531280253
186.46662343727655 30.18774515470528
184.4054794866779 33.47176513894253
182.34433553607926 33.15276056706972
180.2831915854806 32.93969480966338
178.222047634882 32.113242613383726
176.16090368428334 34.93541844824442
174.0997597336847 33.441348016756145
172.03861578308604 31.333334018245164
169.97747183248742 38.976476845429914
167.91632788188878 34.681439828054835
165.85518393129016 36.15256074662795
163.79403998069148 37.744957490635045
161.73289603009286 35.50917320791123
159.6717520794942 32.45606366119761
157.6106081288956 33.50253879365668
155.54946417829694 37.56936349427482
153.48832022769827 30.593055892002656
151.42717627709965 33.530185022942305
149.366032326501 36.80914670508258
147.30488837590238 36.16450603487103
145.24374442530373 34.588792025187566
143.18260047470508 33.66226411662103
141.12145652410643 36.25637684061262
139.06031257350782 31.325596661918745
136.99916862290917 38.18936605055663
134.93802467231052 33.47119300737237
132.87688072171187 33.14467966067336
130.81573677111325 32.58679863952694
128.7545928205146 32.77008784756987
126.69344886991595 37.56312483166764
124.63230491931732 34.48690498936766
122.57116096871867 37.629947432643526
120.51001701812004 38.17091174878887
118.44887306752139 39.19395403278915
116.38772911692276 31.871193644711617
114.32658516632412 32.780784884739084
112.26544121572547 35.75322721813768
110.20429726512684 37.22088358829659
108.14315331452819 32.13151951037888
106.08200936392956 34.07247289945348
104.02086541333092 39.079907660891934
101.95972146273228 35.86654715126745
99.89857751213364 32.80452450034697
97.837433561535 33.790719760907244
95.77628961093635 34.66426825832986
93.7151456603377 36.59771040194377
91.65400170973906 34.91977429954658
89.59285775914043 36.780739924676006
87.53171380854178 39.93232568861287
85.47056985794315 33.429517286495845
83.4094259073445 37.15153892044654
81.34828195674586 40.88125557117511
79.28713800614722 36.433594226435595
77.22599405554858 33.49127674464626
75.16485010494995 31.961489656108107
73.1037061543513 32.89712722334582
71.04256220375267 34.794073219633106
68.98141825315402 36.48731927919751
66.92027430255538 34.06274306833938
64.85913035195674 35.417659002950906
62.797986401358095 35.48902161932221
60.736842450759454 37.122351488540026
58.67569850016081 37.56574080236124
56.61455454956217 39.22398505474966
54.55341059896354 36.95976156318293
52.4922666483649 38.94186089623361
50.431122697766256 34.542227618239465
48.36997874716761 36.74307013943723
46.308834796568966 37.84321280717499
44.247690845970325 35.35651345067348
42.186546895371684 35.60514720459927
40.12540294477305 30.39009545213227
38.06425899417441 35.42159540396613
36.00311504357577 35.90580758287815
33.94197109297713 31.893395609229025
31.880827142378482 39.100521329415685
29.819683191779845 34.467356445584294
27.758539241181204 33.20354525110931
25.697395290582563 36.509955631989655
23.63625133998392 34.91307682823614
21.57510738938528 36.09167659724863
19.51396343878664 34.38879051997439
17.452819488188002 41.280507061723625
15.391675537589359 36.805689860811675
13.330531586990718 39.13934901185373
11.269387636392077 54.66544124925352
9.208243685793436 64.39784339916308
7.147099735194796 80.71700603309289
5.0859557845961545 94.17559367243997
3.0248118339975134 102.12482828238983
0.963667883398873 107.44300418697317
-1.0974760671997679 105.67538435414298
-3.1586200177984085 105.00438123486585
-5.219763968397049 100.62893356139179
-7.28090791899569 94.84799979016783
-9.34205186959433 95.49504737497489
-11.403195820192972 92.3439199305293
-13.464339770791613 86.55537252722166
-15.525483721390252 84.36900998621283
-17.586627671988893 74.79649143608619
-19.647771622587534 68.9315878116267
-21.708915573186175 68.20299348300044
-23.770059523784813 63.58452680744076
-25.831203474383457 59.472275116717526
-27.8923474249821 58.751067372360815
-29.95349137558074 62.08533663633342
-32.01463532617938 60.73920820925941
-34.07577927677802 66.8252200538766
-36.13692322737666 65.07134038522156
-38.198067177975304 70.3308387769722
-40.259211128573945 72.46168245188322
-42.32035507917258 68.16329758911148
-44.38149902977122 69.91253906677773
-46.44264298036986 70.13115588148237
-48.50378693096851 67.08185307284968
-50.56493088156715 61.73602976697295
-52.62607483216579 65.52068362315714
-54.68721878276443 74.24125428393472
-56.74836273336307 70.84604408506814
-58.80950668396171 65.14798524726655
-60.87065063456035 67.94848232977954
-62.93179458515899 66.26603378340126
-64.99293853575763 66.92572905207048
-67.05408248635628 68.44568020624979
-69.11522643695491 67.98960110280186
-71.17637038755356 70.75019668463392
-73.2375143381522 65.70398565444141
-75.29865828875084 63.477755931131824
-77.35980223934948 61.01414501758466
-79.42094618994811 58.80629734107398
-81.48209014054676 61.378259250799495
-83.5432340911454 55.646460126204644
-85.60437804174404 52.8804780421602
-87.66552199234268 54.30015487972482
-89.72666594294131 53.36428731006203
-91.78780989353996 58.25858675240397
-93.84895384413859 55.33558133901803
-95.91009779473724 49.76275259483371
-97.97124174533589 49.67013832786409
-100.03238569593454 47.98803151352623
-102.09352964653317 45.30270394685838
-104.1546735971318 44.403876560906305
-106.21581754773045 37.58221107846845
-108.27696149832909 38.36965765663934
-110.33810544892773 36.230826594459366
-112.39924939952637 33.33276442880885
-114.46039335012502 32.82619724566167
-116.52153730072365 31.17663716249905
-118.58268125132228 28.83567761470025
-120.64382520192093 26.879498473454493
-122.70496915251957 26.775472587788066
-124.76611310311822 26.491120985465464
-126.82725705371685 33.17397469994704
-128.8884010043155 28.033378264851397
-130.94954495491413 24.843728250215815
-133.01068890551278 35.06871876678511
-135.0718328561114 27.48526956905891
-137.13297680671008 29.748504020816373
-139.1941207573087 27.740169266402884
-141.25526470790734 32.528113975888125
-143.31640865850596 28.56010447335857
-145.3775526091046 27.764681181678164
-147.43869655970326 30.6643055608865
-149.4998405103019 20.978391780651073
-151.56098446090053 24.978055623296623
-153.62212841149918 29.919259430477958
-155.68327236209785 27.349113858759694
-157.74441631269647 24.342750707545036
-159.80556026329512 32.8969717410634
-161.86670421389374 27.77732809846797
-163.9278481644924 30.456728445584794
-165.98899211509104 29.899161304092946
-168.05013606568968 27.005726398579643
-170.1112800162883 24.82374991898322
-172.17242396688695 28.552371561041536
-174.23356791748557 28.5909486007942
-176.29471186808425 28.63764038478697
-178.35585581868287 30.179880690216322
-180.41699976928152 25.516651549196208
-182.47814371988014 27.247799843995413
-184.5392876704788 20.879386488345197
-186.60043162107743 26.168788996868145
-188.66157557167608 30.518019182858875
-190.7227195222747 30.31607635491757
-192.78386347287335 26.426331402408824
-194.84500742347203 25.728851667719777
-196.90615137407065 29.59980248660269
-198.96729532466932 26.99638374128705
-201.02843927526794 34.11640634840819
-203.0895832258666 28.81941225765135
-205.1507271764652 28.9087384174052
-207.2118711270639 28.532055173594507
-209.2730150776625 23.690326942889474
-211.33415902826115 31.078972126030664
-213.39530297885977 26.648719072242486
-215.45644692945842 26.73496935936263
-217.51759088005707 30.283588611180026
-219.57873483065572 28.215419732886932
-221.63987878125434 25.809846320331992
-223.701022731853 28.07665129555685
-225.76216668245164 26.14919941300134
-227.82331063305028 29.4621229242804
-229.8844545836489 25.051274035023294
-231.94559853424755 25.889346318542717
-234.0067424848462 30.064050392887204
-236.06788643544485 27.944622265584098
-238.1290303860435 25.790366012179028
-240.19017433664212 30.109199430754877
