# BEGINHEADER
# This file contains data from the SALSA 2m radio telescope.
# DATE=2023-04-11T13:47:0041
# GLON and GLAT given in degrees
# GLON=109.83587499437184
# GLAT=-0.07208383578894619
# DATA in two columns below. Col. 1 is velocity relative to LSR [km/s]. Col. 2 is uncalibrated antenna temperature [K].
# ENDHEADER
274.5281260183277 15.033790398672073
272.4669820677291 27.444412333467913
270.40583811713043 29.976188105482436
268.3446941665318 28.020279680312182
266.28355021593313 27.3015247062396
264.22240626533454 27.51757881184808
262.16126231473584 27.034934804381344
260.10011836413724 28.180800179817883
258.0389744135386 26.43421587563209
255.97783046293995 23.35103543933987
253.91668651234133 24.01363434200961
251.85554256174265 25.948617180324163
249.79439861114403 27.68521083028072
247.73325466054538 28.317848565615364
245.67211070994676 24.978945796167054
243.6109667593481 29.586472655380838
241.54982280874947 26.301706629272772
239.48867885815082 25.780835951885447
237.42753490755217 29.922067400178257
235.36639095695355 32.49229666172362
233.30524700635488 30.50664239549733
231.24410305575626 30.34367385815792
229.1829591051576 30.665692781551876
227.121815154559 29.41624323932628
225.06067120396034 25.985261583500318
222.9995272533617 31.32892181902784
220.93838330276304 27.996555218717983
218.87723935216442 29.45105991098278
216.81609540156578 29.832858511172564
214.75495145096716 28.106791806591332
212.69380750036848 32.53552767683411
210.63266354976986 32.92954540110132
208.5715195991712 30.431331309853828
206.5103756485726 29.09913261687748
204.44923169797391 32.14593710671731
202.3880877473753 27.21848925323329
200.32694379677665 31.265287296919
198.265799846178 31.407233126811054
196.20465589557938 28.89899634459011
194.1435119449807 31.56844831793223
192.08236799438208 31.519139558284788
190.02122404378343 29.81033868225176
187.9600800931848 31.5846771999332
185.89893614258617 34.72100867940498
183.83779219198752 26.755405420694572
181.77664824138887 32.332365828476966
179.71550429079025 36.153088739180085
177.6543603401916 32.906753707339774
175.59321638959295 33.60425932390814
173.5320724389943 35.012418855494055
171.47092848839569 34.84460208283029
169.40978453779704 32.6880204736362
167.34864058719842 32.95325366216533
165.28749663659974 31.961994369355253
163.22635268600112 30.543973805088385
161.16520873540247 35.038291116752674
159.10406478480382 34.11434097119098
157.0429208342052 31.103903893213115
154.98177688360653 36.35125623154212
152.9206329330079 37.181018163500056
150.85948898240926 35.18477042579104
148.79834503181064 35.05760185596755
146.73720108121196 37.22277756417331
144.67605713061334 33.04242773427572
142.6149131800147 32.80932475687251
140.55376922941608 34.36434668333793
138.49262527881743 37.07871033952413
136.43148132821878 36.66867648508879
134.37033737762013 40.61570625596631
132.3091934270215 37.34189336954193
130.24804947642286 37.78956280844557
128.18690552582422 34.77977627933412
126.12576157522558 33.87334740367052
124.06461762462693 35.39523658541548
122.0034736740283 34.1718623704736
119.94232972342965 32.360614157661516
117.88118577283102 36.013803922381875
115.82004182223238 34.635696990962565
113.75889787163374 29.894233051060077
111.6977539210351 36.391543121151905
109.63660997043645 31.686677479798465
107.57546601983782 35.22842744294511
105.51432206923917 32.617034096528194
103.45317811864054 34.48509439197285
101.39203416804189 31.483211680006516
99.33089021744324 34.25187462670895
97.2697462668446 35.62393470900841
95.20860231624596 34.10590981694461
93.14745836564732 32.92447438138955
91.08631441504869 35.61473836589008
89.02517046445004 30.977009942034996
86.96402651385141 34.01404290855962
84.90288256325276 32.99381755484887
82.84173861265413 29.29863575666719
80.78059466205548 29.38953663927185
78.71945071145684 33.625818519102225
76.65830676085821 38.88822884973433
74.59716281025956 35.15284451237027
72.53601885966093 33.349077333510806
70.47487490906228 31.734002097899214
68.41373095846365 32.744908329390135
66.352587007865 35.36159560250818
64.29144305726636 35.344445297868326
62.230299106667715 26.174162939691126
60.169155156069074 37.04221989220411
58.10801120547043 33.41192370796663
56.0468672548718 35.47450931654494
53.98572330427315 30.461855484547193
51.92457935367451 31.372992223476302
49.86343540307587 35.51930274540917
47.80229145247722 36.76620643014863
45.74114750187859 34.02433600029507
43.680003551279945 34.21572138910002
41.618859600681304 35.48378515548747
39.55771565008266 34.435021118715895
37.49657169948402 39.10308631106489
35.43542774888538 38.56928301877666
33.37428379828673 34.536711695359394
31.3131398476881 34.50673882596943
29.251995897089454 33.898933238087615
27.190851946490817 36.384739839745926
25.129707995892176 39.04200781979267
23.068564045293538 35.91074314481269
21.007420094694897 32.98524143331691
18.946276144096256 34.64332193860723
16.885132193497615 35.02460766113455
14.823988242898976 39.13095498057275
12.762844292300333 42.88289344410703
10.701700341701692 40.96195499807707
8.640556391103052 53.38906113197997
6.57941244050441 59.248384649084144
4.518268489905769 75.01519203914076
2.457124539307129 91.01566974039224
0.39598058870848796 96.29398385461498
-1.6651633618901527 103.99138795097645
-3.7263073124887938 101.91278013621893
-5.787451263087434 102.91949297038235
-7.8485952136860755 98.65145275487131
-9.909739164284716 96.71596929619858
-11.970883114883357 85.30321931080884
-14.032027065481996 79.41344600311207
-16.093171016080635 64.71784392749578
-18.154314966679276 57.597260425245125
-20.21545891727792 56.66185318836553
-22.27660286787656 49.99475704735792
-24.3377468184752 52.540569729943236
-26.39889076907384 57.62199503883165
-28.460034719672485 58.54530273021886
-30.521178670271127 56.425212637022305
-32.58232262086977 58.54071878427204
-34.64346657146841 60.25098109574423
-36.70461052206704 62.797427440600536
-38.765754472665684 62.56606390265091
-40.826898423264325 68.59169065097758
-42.88804237386297 75.35861168079433
-44.949186324461614 77.813809962025
-47.010330275060255 83.30703886659087
-49.071474225658896 86.88087141968288
-51.13261817625753 85.34489804715083
-53.19376212685617 87.94835142891996
-55.254906077454805 84.73958638054519
-57.316050028053446 74.08863449475265
-59.37719397865209 74.97757356387324
-61.43833792925073 69.88849549423824
-63.49948187984938 65.92934961758336
-65.56062583044802 65.91004379837939
-67.62176978104665 66.7719602409415
-69.6829137316453 65.75879999167442
-71.74405768224393 60.146364725565505
-73.80520163284258 51.720077130046434
-75.86634558344122 54.02201437809674
-77.92748953403985 51.92192820233463
-79.9886334846385 42.60417119510047
-82.04977743523713 43.66257716311215
-84.11092138583578 43.00646738535721
-86.17206533643441 41.90591650689015
-88.23320928703306 44.82505647325053
-90.2943532376317 41.014239177029694
-92.35549718823034 43.23026784778316
-94.416641138829 39.79026283869105
-96.47778508942763 44.9879842403542
-98.53892904002628 52.17693464720437
-100.60007299062491 49.07459497843476
-102.66121694122354 44.140188200566236
-104.72236089182219 41.40978069053745
-106.78350484242083 38.2708008823367
-108.84464879301947 33.965811818569286
-110.90579274361811 34.79760792769204
-112.96693669421676 33.009026120709315
-115.02808064481539 36.09259906225388
-117.08922459541402 32.08761826172862
-119.15036854601267 26.791599242850282
-121.2115124966113 33.21850339966144
-123.27265644720995 33.200185511941385
-125.33380039780859 32.67178320088077
-127.39494434840724 34.745259378394756
-129.45608829900587 32.5671556421754
-131.51723224960452 29.70142377394357
-133.57837620020314 23.66280715984438
-135.63952015080181 28.418904655812693
-137.70066410140043 29.614725728739888
-139.76180805199908 24.878677961737562
-141.8229520025977 25.583018757398193
-143.88409595319635 21.189963073785993
-145.945239903795 29.17650073903262
-148.00638385439365 28.394591451071047
-150.0675278049923 24.657968555168615
-152.12867175559091 25.09427323551207
-154.1898157061896 29.571736080555212
-156.2509596567882 25.611559396993517
-158.31210360738686 26.42646073757655
-160.37324755798548 26.521209268243712
-162.43439150858413 28.246285118203208
-164.49553545918278 31.993200756372737
-166.55667940978142 25.00949549052749
-168.61782336038004 28.92611023390969
-170.6789673109787 30.42910568649447
-172.7401112615773 27.694301088444682
-174.801255212176 32.13551465364851
-176.8623991627746 28.82244813287871
-178.92354311337326 25.197025683668624
-180.98468706397188 24.875770259863277
-183.04583101457055 28.52265941530725
-185.10697496516917 29.642963056315956
-187.16811891576782 25.445571343321866
-189.22926286636647 28.24095929353038
-191.2904068169651 29.061335144293253
-193.35155076756377 27.764668644722605
-195.41269471816238 25.181509591498916
-197.47383866876103 25.12112376304869
-199.53498261935965 27.632026383306457
-201.5961265699583 28.3189115590573
-203.65727052055695 28.262110516215586
-205.7184144711556 27.376986906356564
-207.77955842175422 29.01261846042316
-209.84070237235287 30.054269499233552
-211.9018463229515 25.752369912784403
-213.96299027355016 25.856903463571445
-216.02413422414878 28.703649214111064
-218.08527817474743 25.633713976141745
-220.14642212534605 26.157608607081013
-222.20756607594473 30.32880214448849
-224.26871002654335 29.45725599805978
-226.329853977142 28.910196074745734
-228.39099792774064 32.83409796791748
-230.45214187833926 25.333355224858455
-232.51328582893794 27.001445791824707
-234.57442977953656 28.087746358047998
-236.6355737301352 24.9400524841118
-238.69671768073383 28.89093330840426
-240.75786163133247 27.123837040061595
-242.81900558193112 28.24487068333407
-244.88014953252977 27.798811220141012
-246.9412934831284 31.901553364438872
-249.00243743372704 24.951326626822414
-251.0635813843257 30.089832746185905
