# BEGINHEADER
# This file contains data from the SALSA 2m radio telescope.
# DATE=2023-04-11T14:04:0043
# GLON and GLAT given in degrees
# GLON=224.8594020504493
# GLAT=-0.1785443801141877
# DATA in two columns below. Col. 1 is velocity relative to LSR [km/s]. Col. 2 is uncalibrated antenna temperature [K].
# ENDHEADER
221.79518984876634 18.82369979903088
219.7340458981677 32.932021804000996
217.67290194756904 23.690696179530295
215.61175799697043 25.469849695453675
213.55061404637178 29.95979529651201
211.48947009577316 28.962336462803638
209.42832614517448 30.158241033461273
207.36718219457583 24.302060893212985
205.3060382439772 24.455747613586503
203.24489429337856 29.54312183743604
201.18375034277994 23.63049360102954
199.12260639218127 25.705642558815708
197.06146244158262 28.0345596503571
195.00031849098397 30.141377131621123
192.93917454038535 27.642714065540137
190.8780305897867 27.700629168018953
188.81688663918808 29.729489547125354
186.7557426885894 29.26035568374173
184.6945987379908 27.938946452925546
182.63345478739214 26.2302346138412
180.57231083679352 28.638113546102
178.51116688619484 28.80518616400293
176.45002293559622 27.725120386704358
174.38887898499758 29.869108205392376
172.32773503439896 30.89065140957461
170.2665910838003 25.75627345412328
168.20544713320163 29.862394353674116
166.144303182603 29.334298195100526
164.08315923200436 26.295835282057816
162.02201528140574 26.268890126330575
159.9608713308071 34.3948806216915
157.89972738020845 28.54880432802449
155.8385834296098 28.169939900971467
153.77743947901118 32.62774012794253
151.71629552841253 32.50977272939998
149.6551515778139 31.263194962087873
147.59400762721523 28.96053128467624
145.5328636766166 31.027051039907487
143.47171972601797 31.407326632915478
141.41057577541935 31.651324370992672
139.34943182482067 31.441391114511095
137.28828787422205 33.663605350444
135.2271439236234 27.764428050744232
133.16599997302478 28.00603576134582
131.10485602242613 33.19048655116075
129.04371207182749 32.6968504163659
126.98256812122884 32.48246626598096
124.9214241706302 28.414632340597972
122.86028022003156 25.16694701764256
120.79913626943292 29.477382460093118
118.73799231883429 35.31659491507199
116.67684836823564 30.458618045218994
114.615704417637 34.80142896054494
112.55456046703834 33.39179617193419
110.49341651643971 35.03301398755774
108.43227256584107 32.41328317709088
106.37112861524243 34.039506781332015
104.30998466464379 32.57748773932591
102.24884071404514 34.70431192419323
100.18769676344651 31.154903301787503
98.12655281284786 39.28037549951192
96.06540886224923 36.70744140386657
94.0042649116506 34.537354516223765
91.94312096105195 34.914689404074984
89.88197701045331 35.270140299586494
87.82083305985466 40.576531169016526
85.75968910925603 41.30934713157916
83.69854515865738 43.24139667985272
81.63740120805875 39.31638155733379
79.57625725746011 47.37531822722606
77.51511330686147 50.149439435392814
75.45396935626283 49.03534130557425
73.39282540566417 52.86574572990256
71.33168145506554 56.6383192561797
69.27053750446689 66.80916843396118
67.20939355386825 66.9160469856188
65.14824960326962 69.01670258101542
63.08710565267097 71.17413654659173
61.02596170207233 75.38074216143674
58.964817751473696 66.10280307092611
56.903673800875055 69.06474888072412
54.842529850276414 64.374002862071
52.78138589967777 67.46591985236508
50.72024194907913 64.12067575059781
48.65909799848049 67.69053313326454
46.59795404788185 61.24950107906245
44.53681009728321 62.354530457115615
42.47566614668457 60.920625268706026
40.414522196085926 63.538070111809894
38.353378245487285 61.34586818647375
36.292234294888644 60.13365843985381
34.23109034429 66.07730655770601
32.16994639369136 59.115273594494454
30.10880244309272 60.28275084453019
28.047658492494083 59.45542530531863
25.986514541895442 62.53569042043662
23.9253705912968 66.79468582444515
21.864226640698163 71.44552301570103
19.80308269009952 83.07142805378766
17.741938739500878 90.04038015009179
15.680794788902238 94.78598982769087
13.619650838303597 87.49293291563227
11.558506887704956 84.84292107558652
9.497362937106317 74.60115450375929
7.436218986507676 57.178974656387595
5.375075035909036 61.97315054860302
3.313931085310394 66.16775464265928
1.2527871347117532 69.40783728615541
-0.8083568158868876 57.72646931231882
-2.8695007664855283 49.44329285872382
-4.93064471708417 43.43662963887714
-6.99178866768281 39.05391218221909
-9.052932618281451 30.306822502105117
-11.114076568880092 37.07450471394117
-13.175220519478733 37.88694483891827
-15.236364470077373 32.91139163723267
-17.297508420676014 35.192361370304724
-19.358652371274655 34.95066347185167
-21.419796321873296 35.153087536473336
-23.480940272471937 32.81483560799076
-25.542084223070578 33.93544750089848
-27.603228173669216 37.69381858572086
-29.66437212426786 32.99663558595506
-31.7255160748665 31.914104948835472
-33.786660025465146 38.82755681852567
-35.84780397606379 40.14620465976606
-37.90894792666242 39.244338699131376
-39.97009187726106 31.962975209619678
-42.0312358278597 29.36027847180319
-44.092379778458344 29.640320847982615
-46.153523729056985 32.754412551132575
-48.214667679655626 32.80743369683044
-50.27581163025427 36.94654016662306
-52.33695558085291 33.85176843655442
-54.39809953145155 32.1997137444827
-56.45924348205019 38.25318213950837
-58.52038743264883 31.44788642338177
-60.58153138324747 32.4618926949107
-62.642675333846114 37.97027050090838
-64.70381928444475 36.6629960454691
-66.7649632350434 31.976009318138015
-68.82610718564203 31.571050605926203
-70.88725113624068 34.193679102497505
-72.94839508683931 37.08047969310551
-75.00953903743795 32.94270141706572
-77.0706829880366 28.88330876572908
-79.13182693863523 32.95704863413884
-81.19297088923389 31.31174136692489
-83.25411483983252 33.05035884577579
-85.31525879043116 31.982297506121085
-87.3764027410298 28.509854101277586
-89.43754669162844 29.929405594381453
-91.49869064222709 35.765129172294664
-93.55983459282572 37.69860490893526
-95.62097854342437 29.64743111229945
-97.682122494023 36.77707235567111
-99.74326644462164 33.05604322635969
-101.80441039522029 30.613742202703385
-103.86555434581892 26.594465523883454
-105.92669829641757 32.58786525255831
-107.9878422470162 30.650888686761665
-110.04898619761485 29.76766188498754
-112.11013014821349 31.25913737458457
-114.17127409881212 28.070781962935392
-116.23241804941077 28.08811674794695
-118.2935620000094 30.687385685253055
-120.35470595060806 27.04381112501132
-122.4158499012067 31.393018086280897
-124.47699385180535 28.19042540454839
-126.53813780240398 30.19641914131383
-128.5992817530026 23.09870699500759
-130.66042570360125 30.44308265168149
-132.7215696541999 27.99909625019156
-134.78271360479854 25.075881803414525
-136.84385755539716 26.241042703083018
-138.9050015059958 29.117471695742378
-140.96614545659446 29.358377234176533
-143.0272894071931 28.530588215110797
-145.08843335779176 30.4666442729711
-147.14957730839038 29.65417026804354
-149.21072125898903 28.620452513628443
-151.27186520958767 28.7750719112679
-153.33300916018632 26.445036259826512
-155.39415311078494 25.94079303152572
-157.4552970613836 31.08851936063698
-159.5164410119822 29.723516624353373
-161.5775849625809 25.39195884886538
-163.6387289131795 29.450297529545143
-165.69987286377815 21.701732101051544
-167.76101681437677 24.650889412233
-169.82216076497542 27.893104993988803
-171.88330471557407 26.054227644608762
-173.94444866617272 29.905985436981215
-176.00559261677134 22.80899946363978
-178.06673656737 21.37387965431125
-180.12788051796866 26.122139128047714
-182.18902446856728 28.238451996258064
-184.25016841916593 27.875085076269677
-186.31131236976455 22.817034613412343
-188.3724563203632 27.055462333708952
-190.43360027096185 29.11500311467446
-192.4947442215605 23.294502532465405
-194.55588817215911 23.111840958238375
-196.61703212275776 25.465844855714348
-198.67817607335638 25.21872832476609
-200.73932002395503 24.6037288651244
-202.80046397455365 28.4986625780464
-204.8616079251523 26.99933224063088
-206.92275187575095 26.916803860851367
-208.9838958263496 30.79795916195781
-211.04503977694822 25.75320539816399
-213.10618372754686 23.023990421041304
-215.16732767814548 28.370749359081938
-217.22847162874416 25.781664355645315
-219.2896155793428 22.147985883768392
-221.35075952994143 19.66667629380876
-223.41190348054008 25.1660606701676
-225.4730474311387 28.139682267922247
-227.53419138173737 25.186294500281775
-229.595335332336 23.166935599579414
-231.65647928293464 22.645856919501778
-233.71762323353326 28.438840252053808
-235.77876718413194 28.703593109342453
-237.83991113473056 25.76163171791183
-239.9010550853292 27.690233963063545
-241.96219903592782 28.90952039149535
-244.02334298652647 27.240364626747393
-246.08448693712512 27.85215427565632
-248.14563088772377 27.440494675967383
-250.2067748383224 26.41176638364106
-252.26791878892104 26.907862001117053
-254.32906273951966 25.410063466165816
-256.39020669011836 27.272607503297408
-258.45135064071695 24.822809404704646
-260.5124945913156 30.69537935789109
-262.57363854191425 23.769778453803244
-264.6347824925129 25.2787036122627
-266.6959264431115 24.00871423991714
-268.7570703937102 28.651200097295856
-270.81821434430884 27.94266645297389
-272.87935829490743 26.25151335292198
-274.9405022455061 25.527818861988848
-277.00164619610473 26.628649229601393
-279.0627901467034 28.585244376610998
-281.123934097302 27.452313042850406
-283.1850780479006 26.37343051285124
-285.2462219984993 24.606057610845664
-287.3073659490979 25.996513314939016
-289.36850989969656 25.487037429260976
-291.4296538502952 27.393085757183673
-293.49079780089386 31.856800700787794
-295.5519417514925 30.978845834216994
-297.6130857020911 24.550102636423222
-299.6742296526898 27.08608894035187
-301.73537360328845 26.60817803793715
-303.79651755388704 32.08722051265065
