# BEGINHEADER
# This file contains data from the SALSA 2m radio telescope.
# DATE=2023-04-11T13:43:0035
# GLON and GLAT given in degrees
# GLON=84.84755712937348
# GLAT=0.09070639502275675
# DATA in two columns below. Col. 1 is velocity relative to LSR [km/s]. Col. 2 is uncalibrated antenna temperature [K].
# ENDHEADER
291.92779991360106 14.954629666968637
289.8666559630025 26.50286463453319
287.8055120124038 27.88168863301917
285.7443680618052 30.37497960355374
283.6832241112065 25.245353830757683
281.6220801606079 27.420949529490002
279.5609362100093 31.153377230466354
277.49979225941064 22.36038791998431
275.43864830881193 24.408823869054164
273.37750435821334 26.595750055817717
271.3163604076147 24.280481070248666
269.25521645701605 24.953154197262894
267.1940725064174 24.14374711824169
265.13292855581875 23.465821025388912
263.07178460522016 24.35651591055286
261.01064065462145 26.108553502058033
258.94949670402286 22.793229414610668
256.8883527534242 27.588245542805222
254.82720880282557 31.703474002344244
252.76606485222692 33.313708574676646
250.70492090162827 26.45806337392703
248.64377695102965 28.051042422274787
246.582633000431 29.207160922019355
244.52148904983235 31.22204580647288
242.4603450992337 32.99023917830046
240.3992011486351 27.903227906418504
238.33805719803644 30.179489531664494
236.2769132474378 26.753019420307098
234.21576929683914 30.774181589344728
232.1546253462405 29.10787237109693
230.09348139564187 26.325957958005024
228.03233744504323 28.483786651330096
225.9711934944446 29.86176120317562
223.91004954384593 30.418493426043433
221.8489055932473 30.186703690812354
219.78776164264866 30.810109722046935
217.72661769205004 28.46653417984193
215.66547374145136 28.82038526916729
213.60432979085274 34.05993292390508
211.5431858402541 34.25172252006468
209.48204188965548 32.52519937136578
207.42089793905683 29.438927316232938
205.35975398845818 28.612216267360587
203.29861003785953 26.957621553623554
201.2374660872609 30.53836186453176
199.17632213666226 34.740722163852915
197.11517818606362 30.410206239920033
195.05403423546497 34.01818057120132
192.99289028486632 29.65563408775803
190.9317463342677 31.892327599473834
188.87060238366905 33.33121186930275
186.80945843307043 34.02318936086579
184.74831448247176 35.598757824325894
182.68717053187314 32.82625462793708
180.6260265812745 33.195947287576985
178.56488263067587 30.896387488245182
176.5037386800772 32.80032428700505
174.44259472947857 33.952480877404795
172.38145077887992 31.858131024691303
170.3203068282813 30.96545608228997
168.25916287768266 33.481791513059314
166.198018927084 26.76109863054488
164.13687497648536 33.412332621909854
162.07573102588674 36.80714437834493
160.0145870752881 35.79982481433763
157.95344312468944 36.13472750048065
155.8922991740908 35.04862933866013
153.83115522349215 35.43648896115904
151.77001127289353 35.285777223884196
149.70886732229488 30.573069281819144
147.64772337169623 32.554172855401326
145.58657942109758 39.684913615415304
143.52543547049896 32.475124941485994
141.4642915199003 34.701538224553396
139.4031475693017 34.81873538867936
137.34200361870302 32.078000705057555
135.2808596681044 30.99691758402207
133.21971571750575 34.88756461703207
131.15857176690713 32.65365660060709
129.09742781630848 34.50670535002975
127.03628386570983 33.007191584497065
124.97513991511119 32.940145385403795
122.91399596451255 27.27528403501726
120.8528520139139 29.266025021131476
118.79170806331527 36.25619315717001
116.73056411271664 36.79989848543889
114.66942016211799 34.211916632710484
112.60827621151935 33.242543439021446
110.5471322609207 34.937691639806026
108.48598831032207 36.80468198386701
106.42484435972342 38.91780370323192
104.36370040912479 35.779104164060534
102.30255645852614 32.06348822469579
100.24141250792749 33.78654507176364
98.18026855732886 35.058400979669024
96.11912460673022 33.86315487123794
94.05798065613159 35.814708419706676
91.99683670553294 35.768826618862995
89.93569275493431 39.153244102664964
87.87454880433566 32.378866919564004
85.81340485373703 34.31809799579588
83.75226090313838 29.544892304900365
81.69111695253974 33.47119881583654
79.62997300194111 34.80111521508913
77.56882905134246 34.58827811228915
75.50768510074383 32.47238399861062
73.44654115014518 41.05171162617182
71.38539719954655 30.73152080658516
69.32425324894791 34.66446622211873
67.26310929834926 37.36965077337982
65.20196534775062 34.779367266388164
63.140821397151974 34.53189423008658
61.07967744655334 35.67661629831067
59.0185334959547 32.57166827423804
56.95738954535606 33.81732245356293
54.89624559475742 35.06588388541736
52.83510164415877 33.45122199573159
50.77395769356013 31.248445894723098
48.712813742961494 35.98666862649029
46.65166979236285 40.484906214889975
44.59052584176421 28.54005177581731
42.52938189116557 34.70473582590085
40.46823794056693 33.82097822973763
38.40709398996829 38.452978245080836
36.34595003936965 32.462388965446316
34.284806088771006 34.59267328125397
32.223662138172365 33.31442676787037
30.162518187573728 36.62026786650801
28.101374236975083 31.70124086894817
26.040230286376442 35.58171189052993
23.979086335777804 39.32916660388805
21.917942385179163 35.29751170333755
19.85679843458052 45.97577926193753
17.79565448398188 50.43128482640566
15.73451053338324 56.52735971531118
13.673366582784599 66.84716111153989
11.612222632185958 82.18906167905163
9.551078681587317 97.94638477914754
7.489934730988677 105.6483474268489
5.4287907803900355 113.7091043239444
3.367646829791395 114.79949722008782
1.306502879192754 115.48207003695316
-0.754641071405887 111.89752662903618
-2.8157850220045275 112.7618721822006
-4.876928972603168 119.35384636815684
-6.938072923201809 109.92190802152696
-8.99921687380045 99.35778673413145
-11.06036082439909 92.4522018191099
-13.121504774997732 90.8091209765406
-15.182648725596371 79.32475379306334
-17.24379267619501 69.41519310420838
-19.304936626793655 61.78120974489758
-21.366080577392296 58.368109508852804
-23.427224527990937 51.18341431476981
-25.488368478589575 53.523761742401334
-27.549512429188216 46.89094621289226
-29.61065637978686 45.79577247693024
-31.671800330385498 52.254120198467966
-33.73294428098414 54.807132741098236
-35.794088231582776 56.511621323655554
-37.85523218218142 63.93100554156315
-39.91637613278006 65.78779004452883
-41.9775200833787 71.4030783769303
-44.03866403397735 64.81989603882197
-46.09980798457599 59.83799795542777
-48.16095193517462 61.73777888454931
-50.222095885773264 60.1029736615793
-52.283239836371905 58.38436851116654
-54.344383786970546 56.55542960622764
-56.40552773756919 48.0223054956507
-58.46667168816783 47.61504184532523
-60.52781563876647 51.949371511676205
-62.58895958936511 46.77752031419723
-64.65010353996375 52.343129133481845
-66.7112474905624 57.584371089390636
-68.77239144116103 60.491993869264206
-70.83353539175967 61.863945642407224
-72.89467934235832 68.1195066707553
-74.95582329295695 64.11833415828421
-77.0169672435556 65.26548293314498
-79.07811119415423 64.11893388932391
-81.13925514475288 62.04572272861286
-83.20039909535151 58.85459685488158
-85.26154304595015 64.24397055874624
-87.3226869965488 56.894489671047126
-89.38383094714743 52.420878317598216
-91.44497489774609 49.84608199784871
-93.50611884834473 47.101697105850825
-95.56726279894337 42.598307908886184
-97.62840674954201 42.65466900834029
-99.68955070014066 35.883264636334594
-101.7506946507393 32.7422172896712
-103.81183860133794 34.354571548902946
-105.87298255193657 35.99254543489755
-107.93412650253522 31.65859556511557
-109.99527045313386 31.365172752430816
-112.0564144037325 32.222783826835595
-114.11755835433114 29.77262696278679
-116.17870230492979 31.83131325672174
-118.23984625552842 25.144835018671966
-120.30099020612705 25.93425507968121
-122.3621341567257 33.53978084910007
-124.42327810732434 30.06317118333399
-126.48442205792298 26.802057578815486
-128.54556600852163 30.232689811313666
-130.60670995912028 29.400571711009373
-132.6678539097189 28.06592080567801
-134.72899786031755 28.867735866486612
-136.7901418109162 29.055783040102334
-138.85128576151482 27.221016427096572
-140.91242971211346 25.737247116352044
-142.9735736627121 30.212517204133057
-145.03471761331076 32.544711965835276
-147.09586156390938 25.959182597942277
-149.15700551450803 24.991321052880064
-151.21814946510668 24.84967719683968
-153.27929341570533 24.883689254985224
-155.34043736630397 27.031844282374724
-157.4015813169026 25.993709446279194
-159.46272526750124 25.151448124913596
-161.52386921809986 27.632262478251466
-163.58501316869854 25.25386675069914
-165.64615711929716 26.635587316626957
-167.7073010698958 24.445376076813467
-169.76844502049443 25.200479650339325
-171.8295889710931 26.883504738363346
-173.89073292169172 30.617376871074413
-175.95187687229037 27.204145309774137
-178.013020822889 24.59331892945073
-180.07416477348764 26.991203795992163
-182.1353087240863 28.52894850134543
-184.19645267468493 21.57803227386455
-186.25759662528355 27.96421175986614
-188.3187405758822 28.751567329905683
-190.37988452648085 25.67470173934333
-192.4410284770795 24.005875313007515
-194.50217242767815 28.643328794584455
-196.56331637827677 28.958019293794457
-198.62446032887541 29.198908793865954
-200.68560427947403 29.29464404561951
-202.7467482300727 26.099361397992098
-204.80789218067133 26.82481933455942
-206.86903613126998 24.8591305889689
-208.9301800818686 24.197086017367067
-210.99132403246728 25.28030339961417
-213.0524679830659 28.337256196216376
-215.11361193366454 25.79781708232786
-217.17475588426316 25.48173022926125
-219.2358998348618 29.504703601805236
-221.29704378546046 28.5649016031659
-223.3581877360591 26.552189587260713
-225.41933168665773 27.217653414376418
-227.48047563725638 26.9510050703719
-229.54161958785502 30.016672651141942
-231.60276353845367 27.887025798588535
-233.66390748905232 28.104416980243773
