# BEGINHEADER
# This file contains data from the SALSA 2m radio telescope.
# DATE=2023-04-11T13:42:0007
# GLON and GLAT given in degrees
# GLON=74.88123391265137
# GLAT=0.14036308452602528
# DATA in two columns below. Col. 1 is velocity relative to LSR [km/s]. Col. 2 is uncalibrated antenna temperature [K].
# ENDHEADER
297.6199052036706 15.614864170833224
295.55876125307196 30.310193938799237
293.4976173024734 26.915926696720287
291.43647335187467 28.39842670732017
289.375329401276 25.712841271694582
287.3141854506774 26.997564830988704
285.2530415000788 24.99255232033277
283.19189754948013 26.723250664722553
281.1307535988815 29.426905739195902
279.06960964828284 25.294059946614286
277.0084656976842 30.207498468320257
274.94732174708554 30.33484876189451
272.88617779648695 29.762046311398233
270.8250338458883 26.740978573175582
268.7638898952896 27.367134373599907
266.702745944691 27.97791947695327
264.64160199409235 30.43630112053613
262.58045804349376 26.205590068934242
260.51931409289506 32.11271389542526
258.45817014229647 27.95094524576557
256.39702619169776 25.394228576791892
254.33588224109914 25.252243862719702
252.27473829050052 27.50145392807935
250.21359433990187 27.06601087773227
248.15245038930325 29.16106362924126
246.09130643870458 29.345878600632375
244.03016248810596 28.72545177413728
241.9690185375073 30.044166755114215
239.90787458690866 30.281176549162364
237.84673063631004 30.503092070530347
235.78558668571137 28.57889542873554
233.72444273511275 32.34249926372781
231.6632987845141 29.994976936422304
229.60215483391548 33.843953383868424
227.54101088331683 28.709485118228734
225.47986693271818 28.36287582549262
223.41872298211953 32.4427105771112
221.3575790315209 35.75189821182752
219.29643508092227 35.377891187279914
217.23529113032362 30.367495711825853
215.17414717972497 31.4691428544741
213.11300322912635 31.10021192347428
211.0518592785277 31.187632919293502
208.99071532792908 32.29803352981401
206.9295713773304 28.185917899051287
204.86842742673178 30.055582661593153
202.80728347613314 30.87712560482292
200.7461395255345 30.335487683779338
198.68499557493587 32.26553055527533
196.6238516243372 31.216877737959173
194.56270767373857 33.460034570968425
192.50156372313992 28.299552960022492
190.4404197725413 31.178352100500312
188.37927582194263 30.924355078103517
186.318131871344 36.29898058966457
184.25698792074536 32.68554917895798
182.19584397014674 30.242680705734053
180.1347000195481 29.607281153230623
178.07355606894944 33.378980060080615
176.0124121183508 28.272088962266082
173.95126816775218 30.742573999140482
171.89012421715353 33.40716768876238
169.8289802665549 30.23802468922295
167.76783631595623 28.418881885727753
165.7066923653576 31.324373670340822
163.64554841475896 32.93979019741365
161.58440446416031 27.946663339989765
159.52326051356167 38.28204243596116
157.46211656296302 35.920657672304145
155.4009726123644 32.56837803001963
153.33982866176575 35.28967091125348
151.27868471116713 33.60880650144135
149.21754076056845 33.73477739158071
147.15639680996983 39.19274385855482
145.0952528593712 33.985065415696475
143.03410890877257 34.39027156076342
140.97296495817392 36.9355312114814
138.91182100757527 37.03264410916483
136.85067705697662 34.3898141318685
134.789533106378 33.138760732695644
132.72838915577935 34.164285424930796
130.6672452051807 35.99776837418532
128.6061012545821 34.76816318070674
126.54495730398342 37.222002840207516
124.48381335338479 39.93705590223923
122.42266940278614 37.6390117244857
120.36152545218751 34.33124014589664
118.30038150158886 34.02651814755495
116.23923755099023 35.22593014718375
114.17809360039159 37.397539995438784
112.11694964979294 36.08920862017648
110.05580569919431 34.67554843840609
107.99466174859566 35.24107185627956
105.93351779799703 35.66175789876898
103.87237384739836 35.59168363880105
101.81122989679973 31.930475269905354
99.7500859462011 34.02266521245124
97.68894199560243 33.81845834329284
95.6277980450038 36.537970898507034
93.56665409440517 35.997962954567086
91.50551014380652 32.79247792988735
89.44436619320788 33.04094993187022
87.38322224260924 30.883328456789947
85.3220782920106 37.93965958733081
83.26093434141195 36.23933013349762
81.19979039081332 35.87766277552566
79.13864644021469 34.767702218713964
77.07750248961604 34.326371217366685
75.0163585390174 35.09184217567398
72.95521458841876 36.90869957882705
70.89407063782012 30.975365904062286
68.83292668722147 33.724551310047715
66.77178273662282 34.64153384566034
64.71063878602419 31.93252512837849
62.64949483542555 38.49087229624973
60.588350884826916 32.85461370793715
58.527206934228275 34.871468952451984
56.46606298362963 37.43664033727042
54.404919033030986 33.949348991196025
52.343775082432344 32.49151053517247
50.2826311318337 34.78553056404269
48.22148718123507 37.577969415064764
46.16034323063643 34.02129298533157
44.099199280037794 34.35333777278915
42.03805532943915 33.13782409275768
39.97691137884051 35.73671575338124
37.915767428241864 33.44832646072217
35.85462347764322 34.721893814483465
33.79347952704458 33.71591879438684
31.732335576445944 37.21389964332374
29.671191625847303 33.43795236772217
27.610047675248662 39.00740579992944
25.548903724650025 40.76715448299092
23.487759774051376 46.43061204523225
21.42661582345274 53.09859015111827
19.365471872854098 59.0900049216132
17.304327922255457 71.18759444924657
15.243183971656816 77.4623494666715
13.182040021058176 92.74133185057578
11.120896070459533 110.95170017405245
9.059752119860894 116.45659907301479
6.998608169262253 119.19856093638784
4.937464218663613 122.943773935285
2.8763202680649718 120.72172783888517
0.8151763174663308 120.07448007679716
-1.24596763313231 114.69854297639138
-3.3071115837309506 106.72740182774427
-5.368255534329591 95.72856841033888
-7.429399484928233 88.97947588549145
-9.490543435526874 77.02137551870321
-11.551687386125513 71.74968543445031
-13.612831336724156 66.72814804118705
-15.673975287322795 62.9710960958638
-17.735119237921438 61.22142052639484
-19.796263188520076 59.83897730085773
-21.857407139118717 57.0015326709464
-23.918551089717358 56.27347719921813
-25.979695040316 53.83813970175847
-28.040838990914636 51.84826714583594
-30.101982941513278 52.04161144000706
-32.16312689211192 55.812341565957354
-34.22427084271056 47.558806227544196
-36.2854147933092 50.060450470769716
-38.346558743907835 50.27263578181702
-40.40770269450648 48.088543409952656
-42.468846645105124 48.67837427692077
-44.529990595703765 44.8780120670899
-46.591134546302406 40.271748971696745
-48.65227849690105 43.736755478520095
-50.71342244749969 45.756662304862076
-52.77456639809833 42.90344526212076
-54.83571034869697 47.083739068394536
-56.89685429929561 49.35766884422057
-58.95799824989426 50.36414714831257
-61.0191422004929 49.9564236527386
-63.080286151091535 51.82498088327116
-65.14143010169018 60.25987136334554
-67.20257405228882 59.638437930576366
-69.26371800288746 62.63493479516859
-71.32486195348609 60.956900261953656
-73.38600590408474 61.43559981661495
-75.44714985468337 62.37450544256513
-77.50829380528202 60.33968475425564
-79.56943775588066 57.78670418881586
-81.6305817064793 53.27029950560344
-83.69172565707794 47.94214923121175
-85.75286960767657 42.86949222551375
-87.81401355827524 45.23869951896571
-89.87515750887387 35.922442373373016
-91.93630145947252 31.120210360239643
-93.99744541007115 32.94016537496445
-96.0585893606698 31.65972961895572
-98.11973331126843 28.39681699715954
-100.18087726186707 30.365472324950122
-102.2420212124657 29.725969863119424
-104.30316516306434 32.55698415148406
-106.36430911366298 30.353265139661776
-108.42545306426162 29.26268264342387
-110.48659701486027 29.220970557554615
-112.5477409654589 31.196698925778144
-114.60888491605755 28.7060243401431
-116.67002886665618 26.810384870678195
-118.73117281725482 27.422751283620126
-120.79231676785346 25.062059317796738
-122.8534607184521 32.71349072603707
-124.91460466905075 32.24650775535823
-126.9757486196494 29.45343645688034
-129.03689257024803 30.27492949236622
-131.09803652084668 24.73137563536997
-133.15918047144532 25.57310457412407
-135.22032442204394 24.281630283641622
-137.2814683726426 28.138408698331503
-139.3426123232412 29.870666257796362
-141.4037562738399 34.04952353538625
-143.4649002244385 33.62602081482656
-145.52604417503716 31.8036484453539
-147.5871881256358 21.797184863063737
-149.64833207623442 25.236332669275402
-151.7094760268331 24.575510994005636
-153.77061997743172 27.539498952918876
-155.83176392803037 27.766402010187523
-157.892907878629 26.09192788097749
-159.95405182922764 29.034934794025062
-162.01519577982629 26.86461929874416
-164.07633973042493 28.082968229968387
-166.13748368102355 29.497048630254906
-168.1986276316222 19.72093763244472
-170.25977158222085 28.33149413659617
-172.3209155328195 26.482144982849903
-174.38205948341812 31.192270894251166
-176.44320343401677 26.23163805684051
-178.5043473846154 25.91636398583375
-180.56549133521406 26.644331073395115
-182.62663528581268 23.22120475739788
-184.68777923641133 28.679786675950456
-186.74892318700998 27.931717206619503
-188.8100671376086 25.200702197764627
-190.87121108820727 25.76372463913241
-192.9323550388059 29.582409017444594
-194.99349898940454 30.24233494790487
-197.05464294000316 29.12458556634297
-199.11578689060184 31.52941510408702
-201.17693084120046 27.197801054567066
-203.2380747917991 31.958453381198446
-205.29921874239773 27.590547822299587
-207.36036269299638 25.192932532031694
-209.42150664359502 25.68190310481443
-211.48265059419367 28.155037671043555
-213.5437945447923 29.3162527729929
-215.60493849539094 25.751041307100053
-217.66608244598956 29.082647033314394
-219.72722639658824 25.320405600338987
-221.78837034718686 25.26339961873554
-223.8495142977855 34.33845353538233
-225.91065824838415 29.522198316702113
-227.9718021989828 28.9464268315628
