# BEGINHEADER
# This file contains data from the SALSA 2m radio telescope.
# DATE=2023-04-11T13:41:0030
# GLON and GLAT given in degrees
# GLON=69.81395095741154
# GLAT=0.08210376421716385
# DATA in two columns below. Col. 1 is velocity relative to LSR [km/s]. Col. 2 is uncalibrated antenna temperature [K].
# ENDHEADER
300.1487167077914 9.113475133291491
298.0875727571928 27.12454501662393
296.02642880659414 27.22966606713339
293.96528485599544 27.86339134526315
291.90414090539684 28.733758409435193
289.8429969547982 25.530826926048356
287.78185300419955 27.32822344949842
285.7207090536009 20.126822894395154
283.65956510300225 27.129074274031346
281.59842115240366 27.387916410841488
279.53727720180495 25.509940284773332
277.47613325120636 30.069247590339195
275.4149893006077 29.234081271879862
273.35384535000907 22.026501814648284
271.2927013994104 28.434030058232693
269.23155744881177 25.367198566340612
267.1704134982132 26.374960026775764
265.10926954761453 25.977096924962275
263.0481255970158 30.979676764456297
260.98698164641723 28.926583226424484
258.9258376958186 28.098738521369107
256.86469374521994 32.120835241454024
254.80354979462132 29.141105071696725
252.74240584402267 31.95489079086806
250.681261893424 25.642198988190998
248.62011794282537 24.4937371537511
246.55897399222673 28.02395709827634
244.4978300416281 25.933108381761237
242.43668609102946 31.069272122968975
240.3755421404308 28.74616990894126
238.31439818983216 32.797867806525346
236.25325423923354 32.24256633291476
234.1921102886349 28.904565572580434
232.13096633803627 31.021610709279546
230.0698223874376 29.22938870162866
228.00867843683898 27.752815072348284
225.94753448624033 33.70914889679173
223.8863905356417 34.00023237280823
221.82524658504303 27.884356203374985
219.7641026344444 29.830724343340744
217.70295868384576 38.67538118524226
215.64181473324714 31.316305872496272
213.5806707826485 31.448368432248262
211.51952683204982 32.395787002538555
209.4583828814512 29.67822626457094
207.39723893085255 29.95213451595113
205.33609498025393 29.835578914722486
203.27495102965528 30.53421382007165
201.21380707905664 32.29952615644917
199.152663128458 32.861973132902115
197.0915191778594 32.78622941928324
195.03037522726072 32.25283133363127
192.9692312766621 35.066338104917406
190.90808732606345 35.245137494631166
188.84694337546483 30.457642351791815
186.78579942486618 36.52224309236529
184.72465547426754 35.87800452859875
182.6635115236689 35.47860215750686
180.60236757307027 31.111052729234277
178.54122362247162 32.26426598515156
176.480079671873 29.25453542715906
174.41893572127432 27.304073511621645
172.35779177067568 37.59383924523288
170.29664782007706 35.34291101642204
168.2355038694784 34.145941888246526
166.1743599188798 29.937189484828014
164.1132159682811 36.19493786407793
162.0520720176825 36.186130776154975
159.99092806708384 35.80668687335653
157.92978411648522 31.319056962939833
155.86864016588655 37.60299473967894
153.80749621528793 37.41077719641825
151.74635226468928 32.60589815486003
149.68520831409066 31.88740814752408
147.624064363492 32.15061938034262
145.56292041289336 28.775599991957048
143.5017764622947 33.03645009374087
141.4406325116961 35.96901220603642
139.37948856109745 34.4029922547956
137.31834461049883 39.432780002087426
135.25720065990015 35.047470024397605
133.1960567093015 37.594672490197645
131.13491275870288 36.644768203511546
129.07376880810423 35.121151570313806
127.0126248575056 39.40969290752523
124.95148090690695 38.93631691813978
122.89033695630832 35.996741075620065
120.82919300570968 34.893805387546855
118.76804905511104 35.50517967262647
116.7069051045124 34.41789608379535
114.64576115391374 33.962409188083015
112.5846172033151 41.723880711943174
110.52347325271647 38.063486919150286
108.46232930211782 34.020124299049336
106.40118535151919 35.20526995642351
104.34004140092054 28.53811947170368
102.2788974503219 39.201027712175446
100.21775349972326 38.710652006198224
98.15660954912462 37.11671970875921
96.09546559852599 35.68583005307909
94.03432164792734 35.2361815030394
91.97317769732871 38.26801690065867
89.91203374673006 33.69535025908724
87.85088979613143 31.626462918221304
85.78974584553278 37.91018962381187
83.72860189493414 37.545994814877545
81.66745794433551 34.46725736434494
79.60631399373686 33.74355563561374
77.54517004313823 37.811786784359505
75.48402609253957 34.92238309620723
73.42288214194093 30.51105335536192
71.36173819134228 36.06081172452179
69.30059424074365 36.28272568874842
67.23945029014502 37.92751202456718
65.17830633954637 36.33290935105969
63.117162388947726 34.90496116057163
61.05601843834909 35.22830513845458
58.99487448775045 32.66851950123992
56.93373053715181 37.78872403968081
54.87258658655317 34.903914303421786
52.81144263595453 35.5499134962792
50.75029868535589 35.15494477149393
48.689154734757246 38.351617295375554
46.6280107841586 35.087752860072776
44.566866833559956 37.503357930868134
42.505722882961315 38.86907770620788
40.444578932362674 34.92393981435245
38.38343498176404 39.42533032508456
36.3222910311654 37.67659574203833
34.26114708056676 39.134252246025746
32.20000312996812 36.2760554002402
30.138859179369472 40.66584961896929
28.07771522877083 44.99459733224343
26.016571278172194 51.78802879090716
23.955427327573553 59.13515646404373
21.894283376974908 62.90786357284132
19.83313942637627 70.42129780325259
17.77199547577763 79.70976219282305
15.710851525178988 91.37716395514312
13.649707574580347 98.9653671998211
11.588563623981708 105.72067478209395
9.527419673383065 117.92816630128729
7.466275722784425 121.5976668952981
5.405131772185785 117.51310148411514
3.343987821587144 117.75083978382582
1.282843870988503 109.12043006476964
-0.7783000796101376 98.22396268285333
-2.839444030208779 87.61407281492393
-4.900587980807419 77.27240397428052
-6.961731931406061 73.18735846657438
-9.022875882004701 66.26710537937157
-11.084019832603342 60.73904427647513
-13.145163783201983 53.984217331677215
-15.206307733800625 49.68757128318931
-17.267451684399266 54.33955085028172
-19.328595634997907 48.59114422814873
-21.389739585596544 46.580368303671584
-23.450883536195185 46.48844067220172
-25.51202748679383 46.003392714135565
-27.573171437392467 46.87181392046565
-29.63431538799111 40.886445632773615
-31.69545933858975 42.78006301327926
-33.75660328918839 43.737600336621156
-35.81774723978703 42.17870360044363
-37.87889119038567 38.01872352114124
-39.940035140984314 36.05226823006117
-42.001179091582955 41.15439239650165
-44.062323042181596 37.5280431516428
-46.12346699278023 41.74798518209011
-48.18461094337887 42.04184774823531
-50.24575489397751 45.36616029751599
-52.30689884457615 50.08006878631689
-54.368042795174794 50.64933426888708
-56.429186745773436 47.80116358568646
-58.49033069637208 49.355364964103316
-60.55147464697072 54.29533768454234
-62.61261859756935 65.3379005805808
-64.673762548168 64.09931492727719
-66.73490649876663 64.06506608069877
-68.79605044936527 69.56576580679118
-70.85719439996392 65.31421834593688
-72.91833835056255 57.21212653845714
-74.9794823011612 50.98127286003399
-77.04062625175983 46.68811463726957
-79.1017702023585 43.603971592126314
-81.16291415295713 41.761510692028814
-83.22405810355576 35.67500012434183
-85.28520205415441 32.74146021463434
-87.34634600475304 33.30657454129414
-89.40748995535169 36.706227421725906
-91.46863390595033 35.476089182231945
-93.52977785654898 28.078517426740692
-95.59092180714761 35.917625075275055
-97.65206575774624 34.264793628343206
-99.71320970834489 32.66248130115139
-101.77435365894353 30.165620349099118
-103.83549760954217 34.958380036026895
-105.89664156014081 34.50398483025048
-107.95778551073946 32.50035827925692
-110.01892946133809 28.185640849224054
-112.08007341193672 25.853015860246746
-114.14121736253537 24.852583110006975
-116.202361313134 29.787856842193015
-118.26350526373267 27.47405186112878
-120.3246492143313 25.561542245407562
-122.38579316492995 27.461197420603902
-124.44693711552858 25.20182705441421
-126.50808106612722 26.45625879313889
-128.56922501672585 24.571992233697493
-130.6303689673245 24.5791268718483
-132.69151291792312 26.716401393744405
-134.7526568685218 24.560205813700716
-136.81380081912044 26.752578105407864
-138.87494476971906 23.407803033982354
-140.9360887203177 23.28907612510211
-142.99723267091633 25.038540457172175
-145.058376621515 27.200179311127417
-147.11952057211363 22.801624654705076
-149.18066452271228 26.43279694335098
-151.2418084733109 27.690164408960275
-153.30295242390955 26.15935472760624
-155.3640963745082 26.53020900164622
-157.42524032510684 27.692602266658493
-159.48638427570546 27.88891959912898
-161.5475282263041 24.99603691898374
-163.60867217690276 23.873519178023134
-165.6698161275014 27.192520354847506
-167.73096007810003 27.77471318318959
-169.79210402869867 29.65222107347002
-171.8532479792973 28.142844790570845
-173.91439192989597 25.18452533092817
-175.97553588049462 25.51737937682219
-178.03667983109324 26.816889273848993
-180.0978237816919 25.577366926790745
-182.1589677322905 25.323789805601717
-184.22011168288918 26.911772589247057
-186.2812556334878 27.881939329058998
-188.34239958408645 27.0395700949791
-190.40354353468507 24.27601154875207
-192.46468748528375 23.989991250065952
-194.52583143588237 27.92795746829873
-196.58697538648101 23.36692253895489
-198.64811933707966 25.720094042536143
-200.7092632876783 27.682836547581182
-202.77040723827693 26.945485529672162
-204.8315511888756 28.037313226715963
-206.89269513947423 28.827212826653092
-208.95383909007288 23.200063641848548
-211.0149830406715 26.821008020563287
-213.07612699127014 27.66450804758191
-215.13727094186882 25.126946927355085
-217.19841489246744 26.9956149893977
-219.2595588430661 30.320197610198363
-221.3207027936647 26.066119862062738
-223.38184674426336 28.144666056288155
-225.442990694862 30.461473762582212
