# BEGINHEADER
# This file contains data from the SALSA 2m radio telescope.
# DATE=2023-04-11T13:50:0009
# GLON and GLAT given in degrees
# GLON=129.84554432798552
# GLAT=-0.14862503769982635
# DATA in two columns below. Col. 1 is velocity relative to LSR [km/s]. Col. 2 is uncalibrated antenna temperature [K].
# ENDHEADER
259.14094783685607 14.794990843127229
257.0798038862574 27.275310020238752
255.01865993565877 23.526984636115532
252.95751598506013 27.387612671103398
250.8963720344615 23.964157714778064
248.83522808386286 23.95297223957291
246.7740841332642 28.54610853097506
244.71294018266556 22.730961256896283
242.65179623206694 24.08509168580066
240.5906522814683 30.74080563025115
238.52950833086965 29.7360472337827
236.468364380271 26.153744227777327
234.40722042967238 28.07231841733474
232.34607647907373 30.332164847943712
230.2849325284751 28.537721085657243
228.22378857787643 30.536057360021744
226.1626446272778 29.81315267035102
224.10150067667917 27.62562333325135
222.04035672608055 32.80609048615858
219.9792127754819 30.724641507068704
217.91806882488322 22.971691248034173
215.8569248742846 30.54219361825101
213.79578092368595 28.84396773243368
211.73463697308733 31.341302037769726
209.67349302248866 32.879793389213184
207.61234907189004 24.731353877580812
205.5512051212914 24.768421315540664
203.49006117069277 28.732098006644282
201.42891722009412 30.28126309402489
199.36777326949547 32.088138011496994
197.30662931889682 29.632400153402767
195.2454853682982 32.436451294523856
193.18434141769956 31.312172032276873
191.12319746710094 28.519948172546556
189.06205351650226 27.425296798505716
187.00090956590364 27.00939119821952
184.939765615305 29.123105547272193
182.87862166470637 32.57034289918858
180.81747771410772 30.554696342940893
178.75633376350905 30.193683456282777
176.69518981291043 32.63838089871096
174.63404586231178 31.739844646296643
172.57290191171316 30.005763131644066
170.51175796111448 28.381799020958308
168.45061401051586 31.880412461884095
166.38947005991722 33.608075075990115
164.3283261093186 36.612765752148505
162.26718215871995 32.85003105971443
160.2060382081213 27.70304946335082
158.14489425752265 33.287649514239554
156.08375030692403 30.623101334172407
154.02260635632538 39.28412760570061
151.96146240572676 37.2417129089935
149.9003184551281 33.80150142453524
147.83917450452947 32.90035360016919
145.77803055393082 32.829352264938294
143.7168866033322 36.31291330101566
141.65574265273352 31.20843545809829
139.59459870213487 34.864799758702965
137.53345475153625 36.999539933343755
135.4723108009376 33.666414739454595
133.411166850339 37.274040511812906
131.3500228997403 37.494900012108246
129.2888789491417 36.783010226731946
127.22773499854306 36.977213716093445
125.16659104794442 32.9240722999553
123.10544709734577 34.17139422889628
121.04430314674713 36.632454700932946
118.98315919614848 33.722325856321454
116.92201524554984 36.063525912557104
114.8608712949512 32.38392794760521
112.79972734435256 31.570703431319465
110.73858339375393 33.599019857084706
108.67743944315528 34.76522144351161
106.61629549255665 36.517414500239305
104.555151541958 36.11135495646769
102.49400759135936 35.733573483576286
100.43286364076071 33.04406800885005
98.37171969016207 31.066388446423545
96.31057573956343 40.292496006579086
94.24943178896478 33.10798367630982
92.18828783836615 34.358606716429385
90.12714388776752 32.41604960419784
88.06599993716887 35.24471919619278
86.00485598657023 35.65785152873627
83.94371203597157 34.47099711083142
81.88256808537294 39.65978574499982
79.82142413477429 35.4384889277329
77.76028018417566 34.38511709636886
75.69913623357702 38.108122229891265
73.63799228297837 37.1839186147958
71.57684833237974 36.35150550190832
69.51570438178109 39.06515463991855
67.45456043118246 35.74725876840326
65.39341648058382 35.92918174442072
63.332272529985175 37.00789887378202
61.271128579386534 36.392511919421864
59.20998462878789 34.80732091519645
57.14884067818925 37.70275350379082
55.08769672759062 32.139295082806015
53.02655277699197 35.29141160914833
50.96540882639333 36.174328844441575
48.90426487579469 38.284404186885006
46.84312092519605 35.84430168633731
44.781976974597406 35.13857431483171
42.72083302399877 37.873845741674344
40.65968907340013 37.831961686991995
38.59854512280149 34.98237046990875
36.53740117220285 35.1275497420117
34.4762572216042 36.974359814196895
32.415113271005566 34.630615055927656
30.35396932040692 36.14024436980807
28.29282536980828 37.55012742332139
26.23168141920964 38.13718075183868
24.170537468611002 35.8408304189613
22.10939351801236 32.078058772031106
20.048249567413716 32.61844671305461
17.98710561681508 33.42879927852754
15.925961666216438 36.684675162216855
13.864817715617795 37.93636262112521
11.803673765019157 39.01955131990599
9.742529814420516 45.17106868448111
7.681385863821875 52.317112719130584
5.620241913223234 61.00196449583281
3.5590979626245933 72.17895929935301
1.4979540120259525 76.02908367466655
-0.5631899385726884 81.26199042920999
-2.624333889171329 82.81849846839016
-4.685477839769971 88.31068500448126
-6.74662179036861 84.54470815708626
-8.80776574096725 81.23702473145865
-10.868909691565893 81.59123346965386
-12.930053642164534 83.48229635925134
-14.991197592763173 75.58280077132308
-17.052341543361813 64.29320468788752
-19.113485493960457 65.60488400760438
-21.1746294445591 62.214684978097914
-23.235773395157736 57.82534025658572
-25.296917345756377 57.78901290641862
-27.35806129635502 56.04925446295614
-29.419205246953663 58.28335355905082
-31.4803491975523 63.15354846666192
-33.54149314815094 70.15445519011274
-35.60263709874958 71.08483367469772
-37.66378104934822 72.92617316559992
-39.724924999946865 77.98011160871154
-41.7860689505455 75.39178937249393
-43.84721290114415 77.9102137074794
-45.90835685174279 78.93489692703987
-47.96950080234143 78.02193740752548
-50.03064475294007 83.60571504701603
-52.09178870353871 81.81104190363007
-54.152932654137345 86.79799656890648
-56.214076604735986 85.21156876330171
-58.27522055533463 78.05123653291297
-60.33636450593327 69.93869975710363
-62.39750845653192 67.22549390036174
-64.45865240713056 68.09274424902169
-66.51979635772919 54.98863331033653
-68.58094030832783 53.406946536398415
-70.64208425892649 53.61802130330725
-72.70322820952512 53.40490760146447
-74.76437216012376 54.1192352903335
-76.8255161107224 48.40888631285316
-78.88666006132104 47.570033619214286
-80.94780401191969 47.976442090357395
-83.00894796251832 51.91106867936942
-85.07009191311697 47.89859782690133
-87.1312358637156 44.88183583069987
-89.19237981431424 47.80573767051512
-91.25352376491288 42.40645546975678
-93.31466771551152 47.15721009678882
-95.37581166611017 38.34267581422497
-97.4369556167088 40.19902435771908
-99.49809956730743 42.39972047476753
-101.55924351790607 36.07448551698163
-103.62038746850472 34.63484734924508
-105.68153141910335 31.96963052231692
-107.742675369702 32.68998899340596
-109.80381932030063 32.64045746983176
-111.86496327089928 28.5699238647809
-113.92610722149793 28.31373096808019
-115.98725117209656 30.799483719859463
-118.04839512269521 27.358461834094406
-120.10953907329385 34.14611141273986
-122.1706830238925 27.152837913756688
-124.23182697449113 25.45902639246389
-126.29297092508976 28.224193761013257
-128.3541148756884 27.958660124101527
-130.41525882628704 26.034182452953967
-132.4764027768857 28.576705098310697
-134.53754672748434 25.1543886029764
-136.59869067808296 29.438202760476514
-138.6598346286816 30.215221583832086
-140.72097857928026 28.239079250803904
-142.7821225298789 26.668650530024603
-144.84326648047752 23.619427332651995
-146.90441043107617 26.76020053545642
-148.96555438167482 26.96088398269475
-151.02669833227347 28.10263869235971
-153.0878422828721 26.475626108005073
-155.14898623347074 29.20259637756426
-157.21013018406936 24.680510957017166
-159.27127413466803 25.30378685197406
-161.33241808526665 29.66766530434007
-163.3935620358653 22.352168832945033
-165.45470598646392 25.339881520455922
-167.51584993706257 28.6785314002004
-169.57699388766125 24.18876538338732
-171.63813783825987 26.1253884742214
-173.6992817888585 26.640157233232664
-175.76042573945713 24.30716499059755
-177.8215696900558 25.10911072369475
-179.88271364065443 21.898873897995554
-181.94385759125308 25.02445920645433
-184.0050015418517 24.94420707533426
-186.06614549245035 26.06057391705692
-188.127289443049 28.272495332511586
-190.18843339364764 26.89230167674644
-192.24957734424626 24.928715070364166
-194.3107212948449 26.998163886093607
-196.37186524544353 23.134312427800626
-198.4330091960422 32.17761589654175
-200.49415314664083 29.09449646027797
-202.55529709723947 25.74560692120966
-204.6164410478381 28.695954213660105
-206.67758499843674 20.66482721840869
-208.73872894903542 26.359004103589477
-210.79987289963404 29.706173617210837
-212.8610168502327 26.779743330046628
-214.9221608008313 30.8972122776346
-216.98330475142998 29.534298423731173
-219.0444487020286 25.106746516494496
-221.10559265262725 29.168903360825244
-223.16673660322587 26.951813783830627
-225.22788055382452 32.7527039781801
-227.28902450442317 29.743198741969316
-229.35016845502182 28.473836851861552
-231.41131240562044 23.947430810704343
-233.47245635621908 26.820763264778215
-235.5336003068177 27.596880981111628
-237.59474425741638 30.543130194010303
-239.655888208015 31.418696164589782
-241.71703215861365 26.73565936805814
-243.77817610921227 31.246641531679284
-245.83932005981094 25.788573487439425
-247.9004640104096 27.579463592934772
-249.9616079610082 28.358552922431613
-252.02275191160686 29.298664115391965
-254.08389586220548 32.970648853560775
-256.14503981280416 28.946482745046833
-258.2061837634028 28.862910999785637
-260.2673277140014 27.434722171453135
-262.3284716646001 27.73506150536188
-264.3896156151987 23.914682115189514
-266.45075956579734 28.614519796501042
