# BEGINHEADER
# This file contains data from the SALSA 2m radio telescope.
# DATE=2023-04-11T13:55:0021
# GLON and GLAT given in degrees
# GLON=149.86825532335186
# GLAT=-0.2501259517829245
# DATA in two columns below. Col. 1 is velocity relative to LSR [km/s]. Col. 2 is uncalibrated antenna temperature [K].
# ENDHEADER
244.45883606954416 13.79564455170577
242.39769211894554 24.023190961250997
240.33654816834687 27.601375857492812
238.27540421774825 24.693148267368894
236.2142602671496 23.418973700993657
234.15311631655098 31.95830206702929
232.09197236595233 26.683796497415464
230.03082841535368 23.66621886995854
227.96968446475503 26.23608898905299
225.9085405141564 28.061248223346688
223.84739656355777 30.588093657678105
221.78625261295915 30.070824693066452
219.72510866236047 31.806693298707824
217.66396471176182 27.2631058425558
215.6028207611632 31.33008992345287
213.54167681056455 29.574659637633104
211.4805328599659 30.2099532539237
209.41938890936726 29.50357439661279
207.35824495876864 28.644120167395
205.29710100817 26.308101318240567
203.23595705757137 29.080478264033676
201.1748131069727 30.173630916267417
199.11366915637407 32.324400859983
197.0525252057754 34.356849819371064
194.99138125517678 29.369050344413246
192.93023730457813 34.40484926505046
190.8690933539795 30.625081440748847
188.80794940338083 30.361619570396847
186.7468054527822 31.916953886185752
184.68566150218356 29.724088302918258
182.62451755158494 31.066933350445726
180.5633736009863 29.931108592369647
178.50222965038762 31.71554941742972
176.441085699789 32.75644419930052
174.37994174919035 29.521832562248715
172.31879779859173 30.225652613122204
170.25765384799305 32.13807701194292
168.19650989739444 34.45167439236111
166.1353659467958 29.77548087940597
164.07422199619717 30.46835929431627
162.01307804559852 34.52118651475428
159.95193409499987 33.37077866134772
157.89079014440122 33.80016694528096
155.8296461938026 28.256639484882275
153.76850224320395 31.479654301125144
151.70735829260533 31.9485134404826
149.64621434200666 37.95430284238682
147.58507039140804 37.53578608550962
145.5239264408094 31.33746256335684
143.46278249021074 31.5323192367815
141.4016385396121 34.85735844051652
139.34049458901345 36.21972760931555
137.27935063841483 31.336786714107657
135.21820668781618 34.429607467788074
133.15706273721756 32.919598305396214
131.09591878661888 31.037665450174245
129.03477483602026 33.93598635707413
126.97363088542163 31.654487152870207
124.912486934823 34.300999545880465
122.85134298422433 31.432640356271946
120.7901990336257 35.53703754284194
118.72905508302705 34.689217624197816
116.66791113242842 34.88628647669772
114.60676718182977 34.64012858627101
112.54562323123113 35.678236280447734
110.4844792806325 38.45530865071935
108.42333533003385 36.44244289702211
106.36219137943522 35.101320188601406
104.30104742883657 34.07218984382774
102.23990347823793 34.98916401775861
100.17875952763929 34.37330612577588
98.11761557704065 31.133817421455998
96.05647162644202 33.43424127237541
93.99532767584337 35.35824722184322
91.93418372524474 32.532036592128215
89.87303977464609 35.973706615485554
87.81189582404745 38.112028166349475
85.75075187344879 38.161809615090206
83.68960792285016 41.19064325157676
81.62846397225152 37.157449122547106
79.56732002165288 33.06473505973017
77.50617607105424 35.64911770427343
75.4450321204556 32.78355900299611
73.38388816985696 34.69201898462338
71.32274421925831 35.19933142092398
69.26160026865968 32.768255368147486
67.20045631806104 39.20306053907968
65.1393123674624 36.778537361901
63.07816841686376 34.986991095306095
61.01702446626512 33.90824984893037
58.95588051566648 34.649781409764024
56.89473656506783 35.70806993521026
54.83359261446919 34.33180585749537
52.77244866387055 30.518498201786375
50.71130471327191 34.51994022405141
48.65016076267327 31.07051667774845
46.58901681207463 32.1546581687732
44.527872861476 39.38280825992172
42.46672891087736 39.05861455550875
40.405584960278716 38.607738759361105
38.344441009680075 38.290990300313595
36.28329705908143 34.27477930148185
34.222153108482786 37.7856379665145
32.16100915788415 32.77000947159363
30.099865207285507 35.46725116927092
28.03872125668687 35.28549268731686
25.97757730608823 32.19399996955643
23.916433355489584 37.58077988644804
21.855289404890943 39.170049740287894
19.794145454292302 36.723158260617744
17.73300150369366 39.09972038955314
15.67185755309502 40.91937051218789
13.61071360249638 39.13146747143015
11.54956965189774 45.776289724174994
9.488425701299098 51.26589478437786
7.427281750700458 56.998680151540356
5.366137800101817 68.57008593429762
3.3049938495031763 80.80395656334647
1.2438498989045357 82.76745362225113
-0.8172940516941051 88.12825544307505
-2.878438002292746 102.0279132732073
-4.939581952891388 104.93391830089557
-7.000725903490027 102.48149294233276
-9.06186985408867 98.43850852290498
-11.123013804687309 90.93946346126484
-13.184157755285948 90.94519577828264
-15.245301705884591 88.14395123307446
-17.306445656483234 84.62803623558894
-19.36758960708187 87.63743038955593
-21.428733557680513 89.90623461795559
-23.489877508279154 81.3826269153658
-25.551021458877795 94.9133600199179
-27.612165409476432 100.40434013699316
-29.673309360075073 105.58898611769581
-31.734453310673715 107.46484481930156
-33.795597261272356 103.34353515649464
-35.856741211871 106.9779881645742
-37.91788516246963 99.24826586992943
-39.97902911306827 86.44516723019406
-42.04017306366692 81.62350575658569
-44.10131701426556 79.46562157183875
-46.1624609648642 76.49014306664657
-48.22360491546284 72.67316528840577
-50.284748866061484 67.76646632738179
-52.345892816660125 65.16056611041913
-54.40703676725877 64.257723068998
-56.46818071785741 57.83978786288917
-58.52932466845605 53.307126043508056
-60.5904686190547 55.769460691749074
-62.65161256965333 48.086885459125085
-64.71275652025197 46.17027236674269
-66.7739004708506 43.74489248763324
-68.83504442144924 40.999531101244806
-70.8961883720479 42.41323518965488
-72.95733232264654 41.10767870865296
-75.01847627324518 38.67455612571764
-77.07962022384382 32.973876641558384
-79.14076417444247 34.478805566445295
-81.2019081250411 36.02713802716358
-83.26305207563973 34.16389711797937
-85.32419602623838 38.71315406770071
-87.38533997683702 33.052198438970166
-89.44648392743566 31.04901398504429
-91.5076278780343 32.789958824150816
-93.56877182863295 33.35301124390157
-95.62991577923158 29.911855663701733
-97.69105972983022 29.819284049977824
-99.75220368042886 31.171039226077504
-101.8133476310275 30.095895993975635
-103.87449158162615 36.32835272581265
-105.93563553222478 30.092527625307657
-107.99677948282344 30.65468864841289
-110.05792343342208 33.06976864188383
-112.11906738402071 35.24572129040662
-114.18021133461936 29.939119768588885
-116.24135528521799 30.419536763616296
-118.30249923581664 32.01931562281951
-120.36364318641527 30.66657857096151
-122.42478713701392 27.351805219063223
-124.48593108761256 28.278062295235678
-126.54707503821119 28.978849933225305
-128.60821898880985 29.971158027094734
-130.66936293940847 25.57332397154875
-132.73050689000712 28.113992927646844
-134.79165084060577 29.90965408880381
-136.8527947912044 28.084719381987867
-138.91393874180304 28.15120729844893
-140.97508269240168 27.788993310902338
-143.03622664300033 28.455770042858227
-145.09737059359895 25.42417809933762
-147.1585145441976 31.302377228143854
-149.21965849479625 29.61032854620837
-151.2808024453949 25.388891582561413
-153.34194639599352 31.188190396437275
-155.40309034659217 24.77250256833638
-157.46423429719079 29.02307497277269
-159.52537824778946 31.253699256515354
-161.58652219838808 27.228059048742203
-163.64766614898673 27.271535498851694
-165.70881009958535 34.05453310521788
-167.769954050184 29.424412531826945
-169.83109800078267 28.295602667956906
-171.8922419513813 27.636228075111713
-173.95338590197994 27.17877660729699
-176.01452985257856 25.33525331097132
-178.07567380317724 26.044615045405454
-180.13681775377586 30.8686467272019
-182.1979617043745 34.25099921391471
-184.25910565497313 28.07169170767209
-186.32024960557177 31.734236610253305
-188.38139355617042 27.307873657210415
-190.44253750676907 29.481949846870755
-192.5036814573677 29.08009337625135
-194.56482540796634 28.04577876140647
-196.62596935856496 25.791511202550694
-198.6871133091636 25.67066381483071
-200.74825725976223 28.748426099586478
-202.80940121036087 26.840820820294585
-204.87054516095955 34.14966250094264
-206.93168911155817 29.230510934225855
-208.99283306215682 25.47523522406478
-211.05397701275544 27.58431272734419
-213.1151209633541 24.66871856027535
-215.17626491395274 29.521935819214924
-217.23740886455138 27.995051110844106
-219.29855281515 33.571686139434256
-221.35969676574865 26.903352754146734
-223.42084071634727 29.63732971871351
-225.48198466694595 28.484440677333943
-227.54312861754457 27.72121099422234
-229.60427256814322 26.786063333523792
-231.66541651874184 30.54730056465108
-233.7265604693405 28.536576150858696
-235.78770441993913 28.374732863397675
-237.84884837053778 26.367773330330138
-239.9099923211364 28.95706571406328
-241.97113627173505 31.3344747536483
-244.03228022233372 26.686384463161332
-246.09342417293234 24.718622074331524
-248.154568123531 28.68250973282824
-250.2157120741296 30.683062079952087
-252.27685602472826 26.945271230584893
-254.3379999753269 28.22183759090728
-256.39914392592556 32.04451912652301
-258.4602878765242 28.68636832774336
-260.5214318271228 27.510315244455285
-262.5825757777215 24.68707403924499
-264.6437197283201 28.356278051929863
-266.70486367891874 27.829190500571066
-268.7660076295174 25.35890876684219
-270.82715158011604 25.204489642334174
-272.8882955307147 28.52832979919269
-274.9494394813133 26.171365230868584
-277.0105834319119 27.796573202916488
-279.07172738251063 22.458784944539858
-281.1328713331092 28.845039570935196
