# BEGINHEADER
# This file contains data from the SALSA 2m radio telescope.
# DATE=2023-04-11T13:43:0003
# GLON and GLAT given in degrees
# GLON=79.88719888178693
# GLAT=0.07145010991187667
# DATA in two columns below. Col. 1 is velocity relative to LSR [km/s]. Col. 2 is uncalibrated antenna temperature [K].
# ENDHEADER
294.87473646079866 14.705712785869643
292.8135925102 30.236166828053268
290.75244855960136 23.138374056019618
288.6913046090027 24.254494342660006
286.63016065840407 24.364942605330434
284.5690167078055 25.788489814346267
282.50787275720677 26.85814691986245
280.4467288066081 29.506753488391542
278.38558485600953 28.0506787294158
276.3244409054109 25.378181233640813
274.26329695481223 29.21385289781821
272.2021530042136 28.81190568832028
270.14100905361494 25.53880764975421
268.07986510301635 29.427155814792584
266.01872115241764 30.922245386471566
263.95757720181905 29.827384353714177
261.8964332512204 28.41321879613486
259.83528930062175 25.59495265662501
257.7741453500231 33.09458523093052
255.71300139942446 27.871350207925765
253.6518574488258 28.09841343804047
251.5907134982272 28.055857744712643
249.52956954762854 27.235312949895476
247.46842559702992 30.776913663398894
245.40728164643124 29.620049808330172
243.34613769583262 33.46236637153213
241.28499374523398 28.211572183543744
239.22384979463536 33.183190600936975
237.1627058440367 29.949757032954615
235.10156189343806 33.7228931511931
233.0404179428394 30.732501881908615
230.9792739922408 27.77425449403586
228.91813004164214 23.82583453264537
226.8569860910435 35.38516729951957
224.79584214044485 29.77483312074359
222.73469818984623 29.381412046579648
220.67355423924758 30.50171917029347
218.61241028864896 31.44779031480649
216.55126633805028 30.05215932101352
214.49012238745163 27.894221358950247
212.42897843685301 29.640009221793033
210.36783448625437 29.84697802949425
208.30669053565575 30.393261456546785
206.24554658505707 35.1520388196906
204.18440263445845 30.71873665000048
202.1232586838598 27.834832310835782
200.06211473326118 29.949143098168044
198.00097078266253 30.554383273855414
195.93982683206391 34.82976852378154
193.87868288146527 31.570598511770708
191.81753893086665 31.7251520912111
189.75639498026797 32.85100400120611
187.69525102966935 31.302453644972182
185.6341070790707 35.55113029528733
183.57296312847208 32.40302079813166
181.51181917787343 30.329580953033553
179.4506752272748 27.521023142006907
177.38953127667614 35.626545062935264
175.3283873260775 34.820149021419034
173.26724337547887 32.201709699322464
171.2060994248802 37.46833042853718
169.14495547428157 32.004332860873966
167.08381152368293 32.64502748753575
165.0226675730843 35.497503146721556
162.96152362248566 30.91202947039002
160.900379671887 32.904943039630176
158.83923572128836 37.96984398537718
156.77809177068974 32.99646271865336
154.7169478200911 31.669103663965135
152.65580386949247 33.89575742509516
150.5946599188938 38.80476132183729
148.53351596829518 38.69952142246797
146.47237201769653 31.176576827217573
144.4112280670979 33.84561014914455
142.35008411649923 32.800630483601125
140.2889401659006 32.430600143937596
138.22779621530196 39.331474023034914
136.16665226470332 38.34522897836086
134.1055083141047 34.22097757092864
132.04436436350602 34.342380087467454
129.9832204129074 38.70374308494152
127.92207646230877 33.26915457180327
125.86093251171013 34.216614563462514
123.79978856111148 37.425637813435564
121.73864461051285 36.89403286614882
119.6775006599142 32.29036578813638
117.61635670931555 33.866803839344456
115.5552127587169 34.83094031338135
113.49406880811827 35.184608699837646
111.43292485751964 38.6487051210407
109.37178090692099 37.09728673447133
107.31063695632236 33.994105972116934
105.2494930057237 35.71605487233423
103.18834905512507 38.58256355649919
101.12720510452642 34.25554796801999
99.06606115392779 39.27450590197564
97.00491720332916 34.46888473162332
94.94377325273051 36.37116181469569
92.88262930213187 36.8972366452479
90.82148535153323 31.736953051716732
88.76034140093459 37.40711896503872
86.69919745033594 33.92174793969949
84.63805349973731 34.6117842393662
82.57690954913868 33.24648962283974
80.51576559854003 37.915387856810185
78.45462164794138 39.41086039113763
76.39347769734273 30.474313158625023
74.3323337467441 34.825862050194004
72.27118979614546 34.634009328866334
70.21004584554682 34.470078298170456
68.14890189494818 37.70857455844931
66.08775794434953 37.493718052552346
64.0266139937509 30.513339116362534
61.96547004315226 37.88581243206149
59.90432609255362 37.363151832080305
57.843182141954976 36.329775615967556
55.782038191356335 36.29953487344228
53.720894240757694 36.41672666782903
51.65975029015906 38.12464355703998
49.59860633956041 37.56272453127626
47.53746238896177 32.24572380059337
45.47631843836313 32.42355528133801
43.41517448776449 32.04649854328558
41.35403053716585 31.74633146414277
39.29288658656721 36.01920369280675
37.23174263596857 39.34647701502177
35.17059868536993 39.702132739547594
33.10945473477129 39.557690477708604
31.048310784172646 31.149079448522432
28.987166833574005 35.339716328538145
26.926022882975367 38.200574713180224
24.864878932376723 42.65326439487366
22.80373498177808 49.226305424606394
20.742591031179444 54.182411053193874
18.681447080580803 64.67695217395507
16.620303129982158 78.96788523842129
14.55915917938352 95.04792796100662
12.498015228784878 107.67816250644842
10.436871278186238 122.13139582607671
8.375727327587597 119.67563653177581
6.314583376988956 126.29000868156103
4.253439426390315 131.829178921461
2.1922954757916746 121.95122613933908
0.13115152519303375 125.13865166660494
-1.9299924254056071 128.21858524701256
-3.991136376004248 118.51433025733706
-6.052280326602888 112.47597664928678
-8.11342427720153 102.31814786695243
-10.17456822780017 90.54401220701519
-12.23571217839881 81.24565736382159
-14.296856128997451 69.94174045492998
-16.358000079596092 69.52553077005008
-18.419144030194733 63.144207595330315
-20.480287980793374 56.291969609975666
-22.541431931392015 57.785794641547035
-24.602575881990656 55.11477792128774
-26.663719832589297 54.52395753803754
-28.724863783187935 54.13185525635031
-30.786007733786576 61.24562751347105
-32.84715168438522 63.39510665726437
-34.90829563498386 59.55078134757334
-36.9694395855825 58.251181230177174
-39.03058353618114 55.61286362717625
-41.09172748677978 61.5105516266141
-43.15287143737842 59.90678170821234
-45.21401538797706 57.04116287825572
-47.275159338575705 54.972665113148956
-49.336303289174346 50.00169231106565
-51.39744723977299 47.504750842279776
-53.45859119037163 48.22185713613461
-55.51973514097027 45.15015666997554
-57.58087909156891 48.93792431244372
-59.642023042167544 51.68364899119414
-61.703166992766185 52.04774680113616
-63.764310943364826 56.895291980188055
-65.82545489396347 60.803700955689976
-67.8865988445621 58.91080413962811
-69.94774279516075 62.234170984826925
-72.00888674575938 64.39786355675886
-74.07003069635803 57.29916255267335
-76.13117464695668 49.59094982656009
-78.19231859755533 58.20542968912213
-80.25346254815396 59.641323130813134
-82.3146064987526 52.40167353574779
-84.37575044935124 51.643015029161226
-86.43689439994988 49.17810221553318
-88.49803835054853 48.623859724057326
-90.55918230114716 45.28662489738481
-92.62032625174581 41.41344140491882
-94.68147020234444 40.59698818553996
-96.74261415294308 36.054854147389825
-98.80375810354172 33.950097345008494
-100.86490205414036 35.214383885272866
-102.926046004739 35.13367407444072
-104.98718995533764 30.761684628119983
-107.04833390593627 32.235312727487496
-109.10947785653492 34.19905228071138
-111.17062180713356 31.901434764625698
-113.2317657577322 32.017610438801135
-115.29290970833085 30.521353431775996
-117.3540536589295 29.327431895098666
-119.41519760952814 33.66289978399283
-121.47634156012677 31.48049881329239
-123.53748551072542 29.717745901998416
-125.59862946132405 30.36274342362151
-127.6597734119227 25.301344768642707
-129.72091736252133 30.525599597470595
-131.78206131311998 27.005992447141395
-133.84320526371863 24.2016943878392
-135.90434921431725 30.486873502490507
-137.9654931649159 27.79211195117222
-140.02663711551455 23.47343201716665
-142.0877810661132 30.556002999853877
-144.14892501671181 31.076305634416723
-146.21006896731046 29.26603711802142
-148.2712129179091 27.112184779787544
-150.33235686850776 24.39494668303483
-152.39350081910638 27.350030276547816
-154.45464476970503 25.02193790853723
-156.51578872030365 27.173460290861396
-158.57693267090232 25.666049748510503
-160.63807662150094 23.6898659920401
-162.6992205720996 22.846196321912604
-164.7603645226982 23.81770143882907
-166.82150847329686 30.50285616336077
-168.8826524238955 26.858546218979775
-170.94379637449416 28.212687038140125
-173.0049403250928 29.516726741280728
-175.06608427569142 25.15828526978715
-177.12722822629007 26.059527613271545
-179.18837217688872 26.539678160545474
-181.24951612748737 24.047457745613166
-183.310660078086 26.626657955429184
-185.37180402868464 30.588877897103757
-187.43294797928328 28.931951509923227
-189.49409192988193 28.174199058136182
-191.55523588048055 26.6759641160363
-193.6163798310792 25.36448004563134
-195.67752378167782 27.7468209667636
-197.7386677322765 27.70027358809828
-199.79981168287514 26.42774203847982
-201.8609556334738 27.195358310761105
-203.9220995840724 27.029061212022107
-205.98324353467106 28.954717939041608
-208.04438748526968 32.131724721643735
-210.10553143586836 28.474237691173222
-212.166675386467 25.359777671703302
-214.22781933706563 32.68055964573456
-216.28896328766427 29.31861435780327
-218.3501072382629 29.442062994782138
-220.41125118886157 24.969207009190107
-222.4723951394602 25.330393108208444
-224.53353909005884 29.39060734466125
-226.59468304065746 29.747408028408003
-228.65582699125613 27.17413212220008
-230.71697094185475 32.15937534956977
