# BEGINHEADER
# This file contains data from the SALSA 2m radio telescope.
# DATE=2023-04-11T13:59:0027
# GLON and GLAT given in degrees
# GLON=179.79470048654332
# GLAT=-0.27736466445637076
# DATA in two columns below. Col. 1 is velocity relative to LSR [km/s]. Col. 2 is uncalibrated antenna temperature [K].
# ENDHEADER
227.62036467315622 9.058728930631272
225.55922072255757 30.109729687733047
223.49807677195895 26.691450240850134
221.4369328213603 25.78782666018597
219.37578887076168 27.46727484228908
217.314644920163 29.399881157084664
215.25350096956439 30.085139611190993
213.19235701896574 27.29929156695681
211.1312130683671 24.61496714965157
209.07006911776844 27.764674348138257
207.0089251671698 31.535169298080017
204.94778121657117 24.70306418619388
202.88663726597252 26.491531163129597
200.8254933153739 27.811175409618574
198.76434936477523 24.687869472755025
196.70320541417658 28.66656333843503
194.64206146357793 30.1349512766646
192.5809175129793 27.177566206043046
190.51977356238066 30.841570084486854
188.45862961178204 28.047627524078436
186.39748566118337 30.336391249462963
184.33634171058475 26.66118657652131
182.2751977599861 27.011128377742462
180.21405380938748 29.775823614061103
178.15290985878883 31.317245650486775
176.09176590819018 27.62192852396859
174.03062195759153 29.024436174908455
171.9694780069929 31.59851130852591
169.90833405639427 26.99433313891889
167.8471901057956 32.911333950841666
165.78604615519697 31.276384911726893
163.72490220459832 31.806584700138185
161.6637582539997 32.15036754977127
159.60261430340105 30.01325461906286
157.5414703528024 28.85267440269658
155.48032640220376 30.661899411012104
153.41918245160514 27.77949610198353
151.3580385010065 32.38834623373703
149.29689455040787 33.178088877701086
147.2357505998092 31.326968408289783
145.17460664921057 29.346740196328767
143.11346269861193 28.524150886860074
141.0523187480133 37.90874279016054
138.99117479741463 33.52114332235745
136.930030846816 35.601664360346355
134.86888689621736 34.77895527380141
132.8077429456187 31.5993332794268
130.74659899502007 32.08906458476058
128.68545504442145 34.26158580703256
126.6243110938228 33.54339790315583
124.56316714322416 37.12231383589563
122.50202319262553 34.63435552970037
120.44087924202688 34.00095657814968
118.37973529142825 36.75955767739246
116.31859134082958 33.65413795584221
114.25744739023095 36.94825515331628
112.1963034396323 33.517753902515416
110.13515948903367 30.050056680360992
108.07401553843503 33.14123360365983
106.01287158783639 32.93635527479479
103.95172763723775 36.79359348727786
101.8905836866391 37.38555215855751
99.82943973604047 32.42756033710241
97.76829578544184 32.36753153215785
95.7071518348432 33.14166124683747
93.64600788424455 37.179225301994435
91.58486393364592 37.732319163303586
89.52371998304729 34.11472153905449
87.46257603244864 33.70740879872503
85.40143208185 36.496231268797764
83.34028813125136 38.527196511017884
81.27914418065272 32.22839592837637
79.21800023005407 37.41306201955199
77.15685627945544 42.46890359064824
75.09571232885679 35.042318369798494
73.03456837825814 34.20091472263481
70.97342442765951 32.106319530686235
68.91228047706086 37.784224101744265
66.85113652646223 33.26566033569705
64.7899925758636 29.237137420618875
62.728848625264945 36.517130541780894
60.667704674666304 30.577374472578455
58.60656072406766 37.15338762455658
56.54541677346902 32.09151992043033
54.48427282287039 32.357745777152054
52.42312887227175 35.526761782863396
50.361984921673105 33.69219798905703
48.300840971074464 36.14781975155922
46.239697020475816 38.172798040810456
44.178553069877175 36.32243160735748
42.117409119278534 35.23008438185772
40.0562651686799 38.014461330551136
37.99512121808126 37.127289363848504
35.93397726748262 35.52093476950999
33.87283331688398 36.107117131745106
31.811689366285332 35.9630344662192
29.750545415686695 35.16754370770633
27.689401465088054 36.470687279139014
25.628257514489412 35.8559014356333
23.567113563890768 41.71206032251129
21.505969613292127 44.806780972068275
19.444825662693486 46.15547501238629
17.383681712094848 50.51437412554351
15.322537761496205 54.449723804275465
13.261393810897566 67.71222229910028
11.200249860298923 87.67824843372365
9.139105909700284 108.28801386848252
7.077961959101643 118.31350864531238
5.0168180085030025 130.78930247879512
2.9556740579043614 134.39102866611762
0.8945301073057207 138.66346309140673
-1.16661384329292 138.90123799690056
-3.2277577938915605 130.52965267809836
-5.288901744490201 123.08121429620535
-7.350045695088843 117.58014361112042
-9.411189645687484 102.7114129645669
-11.472333596286123 93.09865799578519
-13.533477546884766 90.91497883145162
-15.594621497483406 83.59734497672048
-17.655765448082047 70.16878248557066
-19.716909398680688 59.97724579167217
-21.77805334927933 59.63169946323901
-23.839197299877966 51.04155599758199
-25.900341250476608 45.7002204005128
-27.96148520107525 43.888822840901334
-30.02262915167389 44.52569649934052
-32.08377310227253 40.483964682790536
-34.14491705287117 39.84263587831958
-36.20606100346981 45.2990623181604
-38.267204954068454 38.982895484250434
-40.328348904667095 36.47266322617793
-42.38949285526573 36.24023054861341
-44.45063680586437 34.38987446900865
-46.51178075646301 37.884407585265194
-48.57292470706165 37.26202312894597
-50.6340686576603 31.517049576405377
-52.69521260825894 32.395730144271695
-54.75635655885758 37.16579214136035
-56.81750050945622 34.55421588818646
-58.87864446005486 36.910374824348295
-60.9397884106535 34.668281393876256
-63.00093236125214 34.052484701726094
-65.06207631185079 35.307403018730085
-67.12322026244942 39.289755855012764
-69.18436421304806 36.592898618867885
-71.2455081636467 33.62656335932145
-73.30665211424534 35.78061375723394
-75.36779606484399 38.584567768716525
-77.42894001544262 33.92992518080232
-79.49008396604127 33.78828363238548
-81.55122791663992 36.28683084649348
-83.61237186723855 27.407937437129554
-85.6735158178372 30.539677465803926
-87.73465976843583 30.961460482049567
-89.79580371903447 30.17789802782388
-91.85694766963312 31.902880402664735
-93.91809162023175 31.831283581302344
-95.9792355708304 30.093805710258994
-98.04037952142903 33.14555120398866
-100.10152347202768 30.385549076143008
-102.16266742262633 34.31736331271534
-104.22381137322496 30.6580494003888
-106.28495532382361 29.980237050110595
-108.34609927442224 26.516236957817455
-110.40724322502089 28.9899065768321
-112.46838717561953 32.07877761541922
-114.52953112621816 30.851920649390095
-116.59067507681682 26.23209850658337
-118.65181902741546 28.271074656863878
-120.7129629780141 29.97329187668689
-122.77410692861274 30.897938059383694
-124.83525087921137 30.08342134566029
-126.89639482981002 31.4044236030931
-128.95753878040864 28.746869069544154
-131.0186827310073 25.25766792966639
-133.07982668160594 28.821518606638403
-135.14097063220458 30.708892165577982
-137.20211458280323 32.64219972931733
-139.26325853340185 28.553723562786193
-141.3244024840005 28.459100823952618
-143.38554643459915 30.52293313660785
-145.4466903851978 27.763612925622525
-147.50783433579642 31.087267341497874
-149.56897828639507 31.998608291467846
-151.6301222369937 24.409973980890772
-153.69126618759236 28.084015895312138
-155.75241013819098 27.692805969154453
-157.81355408878963 28.87421898431643
-159.87469803938825 30.730417146931707
-161.93584198998693 29.631467472592583
-163.99698594058555 32.93175511868143
-166.0581298911842 29.51235133008224
-168.1192738417828 23.38938840875532
-170.18041779238146 24.361004299751716
-172.2415617429801 23.652732510371642
-174.30270569357876 26.384611927936596
-176.3638496441774 24.445662568126465
-178.42499359477603 29.1157357992388
-180.48613754537467 24.69840540379714
-182.54728149597332 25.279572663047013
-184.60842544657197 27.877951915118924
-186.6695693971706 27.50634542745298
-188.73071334776924 29.06162900845163
-190.7918572983679 30.64922135603261
-192.85300124896654 25.09990784545844
-194.91414519956516 24.532503023883628
-196.9752891501638 28.156831848294914
-199.03643310076242 25.876762673629532
-201.09757705136107 27.443158799102086
-203.1587210019597 26.82569241577989
-205.21986495255834 28.094818400213907
-207.28100890315696 25.613820189336785
-209.34215285375564 29.12323248147334
-211.40329680435426 25.014465460331298
-213.4644407549529 24.32282222267403
-215.52558470555155 26.856122014217387
-217.5867286561502 27.633715996441445
-219.64787260674885 28.107515635571414
-221.70901655734747 29.998347377462558
-223.77016050794612 27.23781139775632
-225.83130445854474 23.753131641597676
-227.8924484091434 27.76270534685012
-229.95359235974203 28.905016061435862
-232.01473631034068 29.625410749670156
-234.0758802609393 27.127668078528963
-236.13702421153795 28.33597277997122
-238.1981681621366 29.221563650818453
-240.25931211273524 26.233866998365535
-242.32045606333386 27.45133302847086
-244.3816000139325 23.705820732325034
-246.44274396453116 22.695890525557786
-248.5038879151298 26.429847740201147
-250.56503186572843 23.618678978767594
-252.62617581632708 30.575323273595686
-254.68731976692573 28.231467086729268
-256.7484637175244 24.06580381173069
-258.809607668123 28.599724579570147
-260.87075161872167 26.98279343927865
-262.9318955693203 31.473416601241546
-264.9930395199189 28.331246089802328
-267.05418347051756 27.136185097921846
-269.1153274211162 25.603655115864886
-271.17647137171485 30.40873417031022
-273.2376153223135 25.40892833282359
-275.2987592729121 29.435942735306988
-277.3599032235108 30.219239504127614
-279.4210471741094 26.4031442758651
-281.48219112470804 27.801107324448612
-283.5433350753067 32.58786994857439
-285.60447902590533 31.882493976827366
-287.665622976504 26.86363370113286
-289.72676692710263 26.425931548107833
-291.7879108777012 30.028443686525755
-293.8490548282999 30.265007343624557
-295.9101987788985 26.452753199666866
-297.97134272949717 31.657166195094607
