# BEGINHEADER
# This file contains data from the SALSA 2m radio telescope.
# DATE=2023-04-11T13:52:0001
# GLON and GLAT given in degrees
# GLON=139.87987485384556
# GLAT=-0.16854635965174697
# DATA in two columns below. Col. 1 is velocity relative to LSR [km/s]. Col. 2 is uncalibrated antenna temperature [K].
# ENDHEADER
251.57722234521123 13.575325946803924
249.5160783946126 29.921615581084613
247.45493444401396 24.672619672787143
245.39379049341528 29.39050924506633
243.33264654281666 27.255390619059494
241.271502592218 25.865240653504685
239.2103586416194 22.69816880713462
237.14921469102075 27.54763872573768
235.0880707404221 26.554260597826673
233.02692678982345 27.9374034765644
230.96578283922483 27.838234351616304
228.90463888862618 30.72588503711037
226.84349493802756 30.53287089956614
224.78235098742888 28.11445928274237
222.72120703683026 27.83579214668814
220.66006308623162 29.134502219145567
218.598919135633 23.90863509562883
216.53777518503432 29.40780108467951
214.4766312344357 27.665251560433457
212.41548728383705 27.01911738449575
210.35434333323843 30.35114009105283
208.29319938263978 29.805396005386026
206.2320554320411 28.98126802844377
204.1709114814425 24.98820402065859
202.10976753084384 26.01931675747574
200.04862358024522 29.7420100753921
197.98747962964657 31.280288865112382
195.92633567904792 31.890035596037894
193.86519172844928 33.01808874765206
191.80404777785066 25.766110278298186
189.742903827252 30.710965457529845
187.68175987665336 30.846257824946395
185.6206159260547 28.435549863544566
183.5594719754561 35.885449513422486
181.49832802485744 36.55274870061722
179.43718407425882 33.160592115699934
177.37604012366015 33.780213704394896
175.31489617306153 34.345600057929644
173.25375222246288 33.21022273538723
171.19260827186426 32.16437760377014
169.1314643212656 29.693728038505803
167.07032037066693 34.868424199464314
165.00917642006831 32.026264612431866
162.94803246946967 33.91129542704199
160.88688851887105 34.083794684830245
158.82574456827237 30.449048814033585
156.76460061767375 35.449960241383934
154.7034566670751 29.616046497719235
152.64231271647648 34.62380122999934
150.58116876587783 33.74093670051925
148.52002481527919 34.2462583155349
146.45888086468054 32.23651735385621
144.39773691408192 29.439551249633173
142.33659296348327 32.06826824382526
140.27544901288465 27.32516092762087
138.21430506228597 29.29458611692056
136.15316111168735 33.692414856647005
134.0920171610887 37.157466133910305
132.03087321049009 33.30662827842524
129.96972925989144 35.23942738755845
127.90858530929279 34.20448970811884
125.84744135869414 32.76211444303464
123.7862974080955 36.699031127701836
121.72515345749686 32.334032815152135
119.66400950689822 35.3727138107445
117.60286555629958 34.85535335045468
115.54172160570094 32.51828867897185
113.48057765510231 36.67451087155937
111.41943370450366 36.03723796090477
109.35828975390503 38.51160755061417
107.29714580330636 36.64716573595584
105.23600185270773 37.38829692968634
103.17485790210908 39.7745083907003
101.11371395151045 35.158033670711625
99.05257000091181 34.12506106079227
96.99142605031318 34.93974765562333
94.93028209971455 33.34131645492033
92.8691381491159 37.68890520160696
90.80799419851726 31.944774081539713
88.74685024791862 38.6999063227458
86.68570629731998 36.2234491339599
84.62456234672133 34.20193150470317
82.5634183961227 38.520591409199746
80.50227444552407 36.208769398297065
78.44113049492542 31.493254980579827
76.37998654432678 32.24741791254808
74.31884259372814 39.38951254552522
72.2576986431295 34.34320895997046
70.19655469253085 36.98824064450375
68.1354107419322 36.985374743045
66.07426679133357 34.423588668882886
64.01312284073492 37.21747924280504
61.95197889013629 37.75387333397179
59.890834939537655 32.69110319311915
57.82969098893901 35.411242941360506
55.768547038340365 40.213597254874514
53.707403087741724 32.23131053200311
51.64625913714308 37.08260100822465
49.58511518654444 35.793555051003004
47.52397123594581 37.011792400817534
45.46282728534717 34.918538958172114
43.401683334748526 35.87528772748295
41.340539384149885 35.161605724359504
39.27939543355124 35.46767424341967
37.218251482952596 33.39623792063958
35.157107532353955 30.22421324853374
33.09596358175532 40.909805420525835
31.034819631156676 39.44275632738537
28.97367568055804 37.866224519560205
26.912531729959397 36.78223290202452
24.851387779360753 37.58888898377231
22.79024382876211 34.83807023589418
20.72909987816347 35.624303327672926
18.66795592756483 35.616359645092984
16.606811976966192 33.784426620651644
14.545668026367549 40.60066174100013
12.484524075768908 38.107677227765315
10.423380125170269 41.89133443985433
8.362236174571628 47.099775513025186
6.301092223972987 51.93809301399495
4.239948273374346 64.25457567467869
2.178804322775705 82.19419343879896
0.11766037217706418 83.88557284375307
-1.9434835784215767 87.21429804005493
-4.004627529020217 93.59174455785531
-6.065771479618857 95.2350634949859
-8.1269154302175 88.95588252752613
-10.18805938081614 87.89715000384959
-12.24920333141478 81.36716161462087
-14.310347282013423 79.96296882758455
-16.371491232612062 82.9570612899628
-18.432635183210703 75.83294642134356
-20.493779133809344 68.05632259514965
-22.55492308440799 62.94124976600106
-24.616067035006626 66.28042108674286
-26.677210985605264 68.3713513376909
-28.738354936203905 64.56989589076251
-30.799498886802546 73.8360124337328
-32.86064283740119 80.69896860718269
-34.92178678799983 93.49788914873747
-36.98293073859847 91.77720046119536
-39.04407468919711 93.7945067679041
-41.10521863979575 92.51935853616192
-43.16636259039439 89.10731537970699
-45.22750654099303 87.33142979779512
-47.288650491591675 88.56055100536796
-49.34979444219031 80.52008809702923
-51.41093839278895 73.37580340026075
-53.47208234338759 68.32473694316708
-55.53322629398623 59.248804287281494
-57.59437024458488 60.688750359964494
-59.65551419518352 57.752353206229415
-61.71665814578216 52.958457303912226
-63.777802096380796 50.61963651110819
-65.83894604697944 41.460670693119305
-67.90008999757808 46.96021238960053
-69.96123394817671 47.446180130380654
-72.02237789877536 50.76018072098788
-74.083521849374 48.12452009554034
-76.14466579997264 45.79936412236493
-78.20580975057128 42.16717975483993
-80.26695370116992 46.554910416339894
-82.32809765176856 44.10680297681203
-84.38924160236719 41.35240801174604
-86.45038555296586 34.60661539778449
-88.51152950356449 37.85516892868712
-90.57267345416314 38.784945052137516
-92.63381740476177 40.0923278420103
-94.69496135536042 41.00446029855094
-96.75610530595905 38.57241692717563
-98.81724925655769 32.31434323249332
-100.87839320715635 37.34922017146164
-102.93953715775498 32.28487950509618
-105.00068110835362 29.087692428522352
-107.06182505895227 31.817754728683465
-109.1229690095509 26.900673630938606
-111.18411296014955 29.857556315469367
-113.24525691074818 28.1358676247167
-115.30640086134683 32.42763624970059
-117.36754481194546 29.710154065542646
-119.4286887625441 29.985906794192697
-121.48983271314275 29.02606822491222
-123.5509766637414 30.713031289787928
-125.61212061434004 30.767507339523025
-127.67326456493868 25.142083725047783
-129.73440851553733 25.024458841516374
-131.79555246613597 30.17621561443988
-133.8566964167346 28.182736438117626
-135.91784036733324 27.983400407214976
-137.97898431793186 25.9820706958411
-140.0401282685305 25.674408434039975
-142.10127221912919 25.004176850580713
-144.1624161697278 27.222074615488786
-146.22356012032645 24.623803700151154
-148.28470407092507 28.088741098297973
-150.34584802152372 27.055263159738587
-152.40699197212237 26.444130611770934
-154.46813592272102 29.52605907950323
-156.52927987331964 24.247958393263826
-158.5904238239183 27.768802982429154
-160.6515677745169 30.630668051797972
-162.71271172511558 29.463394465360512
-164.7738556757142 29.53188592699285
-166.83499962631285 31.583861482815152
-168.89614357691147 27.89146412904141
-170.95728752751015 29.26795687397979
-173.01843147810877 26.633530380216843
-175.07957542870741 28.082358223207912
-177.14071937930603 30.86114734953901
-179.20186332990468 28.201914661032497
-181.26300728050336 25.57287593890483
-183.32415123110198 26.542869115365384
-185.38529518170063 28.106749723072248
-187.44643913229925 23.333198695536485
-189.5075830828979 28.543043389820628
-191.56872703349654 22.76229362986241
-193.6298709840952 26.453375355088202
-195.6910149346938 30.730865023514973
-197.75215888529246 24.408410943849795
-199.8133028358911 24.93449348687846
-201.87444678648976 27.19881343852457
-203.93559073708838 25.397146597092785
-205.99673468768702 28.181751014172594
-208.05787863828564 28.735623615483917
-210.11902258888432 28.466553662872823
-212.18016653948294 24.505452009029124
-214.2413104900816 33.7428554842285
-216.3024544406802 27.367676260554905
-218.36359839127886 27.520092548788124
-220.42474234187753 27.949291243348483
-222.48588629247615 24.584550073777894
-224.5470302430748 26.42156522878648
-226.60817419367342 25.854458604628658
-228.6693181442721 23.240436233105104
-230.73046209487072 27.773873581230564
-232.79160604546936 33.870113486525504
-234.85274999606798 29.671540174587243
-236.91389394666663 27.0304547158552
-238.97503789726528 25.881139706813013
-241.03618184786393 28.802908808874452
-243.09732579846255 30.251294844875655
-245.1584697490612 32.32975932339683
-247.21961369965982 28.556096528942902
-249.2807576502585 29.17078638025585
-251.3419016008571 31.781581846338828
-253.40304555145576 24.785129095742352
-255.46418950205438 26.94294835722804
-257.525333452653 31.445386833114686
-259.5864774032517 29.35945599923215
-261.64762135385035 28.973342052051102
-263.70876530444895 25.33064672757892
-265.76990925504765 28.331251415453245
-267.83105320564624 27.39063364940946
-269.8921971562449 26.56044403076662
-271.9533411068435 28.050476046104706
-274.0144850574422 32.86579995206601
