# BEGINHEADER
# This file contains data from the SALSA 2m radio telescope.
# DATE=2023-04-11T14:03:0006
# GLON and GLAT given in degrees
# GLON=209.86154295474606
# GLAT=-0.23579125295555256
# DATA in two columns below. Col. 1 is velocity relative to LSR [km/s]. Col. 2 is uncalibrated antenna temperature [K].
# ENDHEADER
220.75531589066185 16.755645351126688
218.69417194006323 29.412157957268924
216.63302798946458 25.862781407392585
214.57188403886596 32.24606925943915
212.51074008826728 27.75976328478764
210.44959613766866 28.39624448422147
208.38845218707002 31.396570376630706
206.3273082364714 30.031783857141193
204.26616428587275 26.903690056570497
202.20502033527407 29.189197499129463
200.14387638467545 26.27798674947314
198.0827324340768 24.61696548941789
196.02158848347818 28.257342214133516
193.9604445328795 25.373874277569413
191.8993005822809 25.2132334249569
189.83815663168224 30.537483218511774
187.77701268108362 31.565041398567892
185.71586873048497 29.383439692591534
183.65472477988632 29.236994319043866
181.59358082928767 28.032063569190584
179.53243687868905 27.888137976280394
177.4712929280904 27.066502258154753
175.4101489774918 26.16724323882098
173.3490050268931 28.969948186813603
171.2878610762945 30.909906682110282
169.22671712569584 30.16185175045986
167.1655731750972 27.58756301865133
165.10442922449855 31.725613568909377
163.0432852738999 31.64648249901329
160.98214132330128 31.21835108229557
158.92099737270263 31.907053629922594
156.859853422104 27.15152188153714
154.79870947150533 30.117818357234828
152.7375655209067 31.098958137605088
150.67642157030807 32.2044482120284
148.61527761970945 35.39856777862152
146.5541336691108 29.2407421679767
144.49298971851215 30.46262942184948
142.4318457679135 29.73290432154552
140.37070181731488 30.743906189287934
138.30955786671623 34.285738878049536
136.2484139161176 25.389894161350586
134.18726996551894 34.206898086001175
132.12612601492032 31.231233831634025
130.06498206432167 31.127290399211333
128.00383811372302 33.1663481460424
125.94269416312439 31.699392312478462
123.88155021252574 30.368893451595564
121.8204062619271 34.10146133898272
119.75926231132847 31.650873093104032
117.69811836072982 32.53997085814217
115.63697441013119 31.254416448641674
113.57583045953254 35.51649235166177
111.5146865089339 35.668751637908635
109.45354255833524 37.08143265410114
107.39239860773661 36.197987376290506
105.33125465713798 32.94356005890512
103.27011070653933 31.08116939001542
101.2089667559407 32.77400022020175
99.14782280534205 28.014871552370042
97.08667885474343 36.13432487601634
95.02553490414478 39.099677457686916
92.96439095354614 38.28994652476518
90.9032470029475 36.85171725041905
88.84210305234886 35.599822623365576
86.78095910175023 40.00172229814262
84.71981515115158 35.885780276121146
82.65867120055294 33.873238150694156
80.5975272499543 35.89198228537478
78.53638329935566 32.13044236384128
76.47523934875701 35.362952527194935
74.41409539815838 36.50251519542498
72.35295144755975 35.71457712160655
70.29180749696108 35.801811492193885
68.23066354636245 37.73565585391402
66.1695195957638 41.378304572749435
64.10837564516517 42.79197229466542
62.047231694566534 47.571841641211385
59.986087743967886 53.31564454801865
57.924943793369245 51.47215089324384
55.863799842770604 47.510086344307126
53.80265589217197 58.7597489670596
51.74151194157333 69.00240068558568
49.68036799097469 76.75981262586265
47.61922404037605 85.00580143882065
45.558080089777405 93.18882580447499
43.496936139178764 99.91849067037704
41.435792188580116 86.59382592333765
39.37464823798148 80.35906548131618
37.31350428738284 87.16620918943464
35.2523603367842 86.76649793035911
33.19121638618556 84.65214396967338
31.130072435586918 82.68633658051662
29.06892848498828 81.37951679574593
27.00778453438964 86.25202725594177
24.946640583790995 86.67066798063298
22.885496633192353 90.01197113778802
20.824352682593712 93.33654919231653
18.76320873199507 92.42954819067477
16.70206478139643 86.4659003446605
14.64092083079779 92.26181251801589
12.579776880199148 98.36514821559902
10.51863292960051 103.74859018194503
8.457488979001868 102.16501079331432
6.396345028403228 99.56094029242652
4.335201077804586 93.35827867398068
2.274057127205946 72.6681158637658
0.21291317660730508 64.86030709896379
-1.8482307739913357 54.88848145679407
-3.9093747245899766 45.7073254808842
-5.970518675188618 41.086828789564464
-8.031662625787257 42.57128201538073
-10.092806576385899 40.3281720445234
-12.15395052698454 42.63181275739815
-14.215094477583182 37.05152221633484
-16.27623842818182 37.2126330506879
-18.33738237878046 36.048330406552566
-20.398526329379102 36.013287575245826
-22.459670279977747 34.921549965313716
-24.520814230576384 35.26633472294306
-26.581958181175022 38.07062620426071
-28.643102131773663 36.34990955965491
-30.704246082372304 34.08475098353114
-32.76539003297094 32.670616445875794
-34.82653398356958 34.16818719998136
-36.88767793416823 35.35029928618208
-38.94882188476687 37.186054471180476
-41.00996583536551 32.44111855130754
-43.07110978596415 33.2605606840031
-45.13225373656279 34.447162477530945
-47.19339768716143 36.25673245590695
-49.25454163776007 31.69742792045725
-51.31568558835871 35.04913678940446
-53.37682953895735 33.91685172829703
-55.437973489556 34.93046482428306
-57.499117440154635 36.28730053186977
-59.560261390753276 38.37030481516107
-61.62140534135192 34.43629571487741
-63.68254929195056 37.1235127352242
-65.7436932425492 34.71646564708659
-67.80483719314783 31.46681846934879
-69.86598114374648 32.93720177045324
-71.92712509434512 26.839259460399894
-73.98826904494376 33.74485276565897
-76.0494129955424 34.59114592393047
-78.11055694614103 30.83387933800917
-80.17170089673968 33.52904076720394
-82.23284484733831 32.19224790235367
-84.29398879793696 31.024341216154717
-86.35513274853561 34.84391982081772
-88.41627669913426 32.386001253401275
-90.47742064973289 28.00777080244479
-92.53856460033153 33.3329930137377
-94.59970855093017 31.622263355935043
-96.66085250152881 32.97534825858077
-98.72199645212746 28.546440682763595
-100.7831404027261 30.285165821758866
-102.84428435332474 31.561648898692535
-104.90542830392339 31.904571813893494
-106.96657225452202 28.68742141704139
-109.02771620512067 31.784732520182118
-111.0888601557193 33.431262737101605
-113.15000410631794 29.640379779190514
-115.21114805691658 26.522193421462283
-117.27229200751522 28.53626513707637
-119.33343595811387 30.507880383780094
-121.3945799087125 29.096475490697628
-123.45572385931116 32.342117600865855
-125.5168678099098 27.503089731207016
-127.57801176050843 27.442198957981475
-129.63915571110707 30.030133986546247
-131.7002996617057 33.93819277632014
-133.76144361230433 31.03730319036753
-135.822587562903 32.169086134569426
-137.88373151350163 25.802325032306555
-139.94487546410028 29.19393188218277
-142.0060194146989 28.02486796787174
-144.06716336529755 24.950712842027635
-146.12830731589622 29.3532769479734
-148.18945126649484 29.642424123149958
-150.2505952170935 27.078819183325727
-152.3117391676921 24.627836792917098
-154.37288311829076 26.682024934819715
-156.4340270688894 33.112404288399226
-158.49517101948805 23.2669641810663
-160.55631497008667 26.92218699060795
-162.61745892068532 26.246598276642562
-164.67860287128397 27.346105668481254
-166.73974682188262 29.900406842322734
-168.80089077248124 25.71968331302805
-170.8620347230799 30.315813188572427
-172.9231786736785 29.002445185760863
-174.98432262427718 26.812742247258612
-177.0454665748758 22.668496829440706
-179.10661052547445 22.819696890265128
-181.1677544760731 28.368650777230293
-183.22889842667172 22.180471423222592
-185.2900423772704 30.361869449266646
-187.35118632786902 27.48437027621243
-189.41233027846766 29.58603375528608
-191.47347422906628 30.888674601639863
-193.53461817966496 26.201303767845328
-195.59576213026358 25.719771338580877
-197.65690608086223 33.016389245264115
-199.71805003146085 29.06946936401705
-201.7791939820595 29.43423330639898
-203.84033793265814 26.59267694080885
-205.9014818832568 25.529445791235798
-207.9626258338554 21.921140365463504
-210.02376978445406 25.10665020346318
-212.08491373505268 29.709688100732517
-214.14605768565136 26.191889496108608
-216.20720163624998 30.025885699030475
-218.26834558684862 25.23027156975171
-220.32948953744727 30.990424318251094
-222.39063348804592 27.26447588301011
-224.45177743864457 28.94058951379992
-226.5129213892432 27.02739434495438
-228.57406533984184 27.237153765438684
-230.63520929044046 28.301948458177318
-232.69635324103913 25.49085685248234
-234.75749719163775 27.601918072597552
-236.8186411422364 21.720781042508197
-238.87978509283502 30.963975862288052
-240.94092904343367 26.846743482341072
-243.00207299403232 27.579999325907107
-245.06321694463097 29.280923214488414
-247.1243608952296 21.290441415754575
-249.18550484582823 28.314977584686847
-251.24664879642685 32.114380471295505
-253.30779274702553 30.24118232998747
-255.36893669762415 29.29734784433704
-257.43008064822277 24.806965900864345
-259.4912245988214 33.15289987124967
-261.5523685494201 27.63519190950481
-263.6135125000187 24.92341650686374
-265.67465645061736 29.372182505739058
-267.735800401216 25.196653679587488
-269.79694435181466 29.566127993748907
-271.8580883024133 29.390355917593492
-273.9192322530119 30.112341040382955
-275.98037620361055 28.24947676080826
-278.04152015420925 30.78215335278468
-280.10266410480784 29.830768528780375
-282.1638080554065 29.27547620983744
-284.2249520060051 25.229267973386147
-286.2860959566038 29.691582258309943
-288.34723990720244 28.000554325443414
-290.408383857801 28.76059248225196
-292.4695278083997 27.456185744550115
-294.5306717589983 29.422418533424395
-296.591815709597 27.287470818821447
-298.6529596601956 29.368501016786585
-300.71410361079427 31.79155996121089
-302.7752475613929 26.266560429761537
-304.83639151199156 25.856980095633276
