# BEGINHEADER
# This file contains data from the SALSA 2m radio telescope.
# DATE=2023-04-11T14:02:0032
# GLON and GLAT given in degrees
# GLON=204.89195846507627
# GLAT=-0.2519855758735094
# DATA in two columns below. Col. 1 is velocity relative to LSR [km/s]. Col. 2 is uncalibrated antenna temperature [K].
# ENDHEADER
221.0786535013439 12.83206327738839
219.01750955074525 28.484564065316327
216.9563656001466 28.595520789660267
214.89522164954795 28.34662215078658
212.83407769894933 28.007074236707545
210.77293374835068 31.00259046001296
208.71178979775203 27.813466308095332
206.65064584715338 28.022818211200924
204.58950189655476 27.229604438388932
202.52835794595612 27.999063639735756
200.4672139953575 30.559975006364393
198.40607004475882 26.821086262346437
196.3449260941602 25.993224539449923
194.28378214356155 31.201524042981674
192.2226381929629 27.11105901808652
190.16149424236428 26.643176341823906
188.1003502917656 30.435453403745953
186.039206341167 32.42816213201597
183.97806239056834 29.860243623604834
181.91691843996972 27.380565964818782
179.85577448937104 25.551799810978743
177.79463053877242 28.130249416151003
175.73348658817378 27.265155892082365
173.67234263757516 34.68070285815968
171.6111986869765 35.018304550676554
169.55005473637786 26.6162417761739
167.4889107857792 33.842862889315505
165.4277668351806 27.43066547725724
163.36662288458194 30.518649964265553
161.30547893398332 27.44692860935391
159.24433498338465 28.30734271780516
157.183191032786 26.836406859548813
155.12204708218738 32.972483606486605
153.06090313158873 32.16074891945053
150.9997591809901 27.05249359793935
148.93861523039143 30.77729049888142
146.87747127979281 31.095666250611433
144.81632732919417 35.32117766005237
142.75518337859555 40.881538464151866
140.69403942799687 30.336671679505706
138.63289547739825 32.28102849119726
136.5717515267996 34.06331969132808
134.51060757620098 31.81432531759318
132.44946362560233 31.633793826616856
130.3883196750037 38.05681373836922
128.32717572440504 30.484078510994326
126.2660317738064 33.88534399846859
124.20488782320776 34.76974840662528
122.14374387260912 33.910156528834136
120.08259992201049 34.680199919965865
118.02145597141184 32.49388751202587
115.9603120208132 34.905743086992814
113.89916807021456 33.12850587874439
111.83802411961592 32.004575126718905
109.77688016901728 34.16647710837427
107.71573621841864 35.48839181463663
105.65459226782001 34.49066467633654
103.59344831722136 28.680353470588415
101.53230436662272 34.08397871725495
99.47116041602408 33.57507640278734
97.41001646542544 30.36798548189413
95.3488725148268 36.36487856484583
93.28772856422816 35.219036742205695
91.22658461362951 35.104922075850695
89.16544066303088 33.13912567094759
87.10429671243224 37.4010037279211
85.0431527618336 41.76056719661707
82.98200881123496 38.52124660832565
80.92086486063631 37.445580595225536
78.85972091003768 40.14422777377963
76.79857695943903 37.39461884542932
74.7374330088404 36.370759523497085
72.67628905824176 31.30133965063087
70.61514510764312 30.52640736075709
68.55400115704448 36.151830023655236
66.49285720644583 34.82295849017982
64.4317132558472 39.8086638149147
62.37056930524855 39.30919635120688
60.30942535464991 39.30873263138006
58.24828140405127 38.788535559634354
56.18713745345263 45.23647827724196
54.125993502853994 50.20871911702884
52.06484955225535 49.62601060261655
50.00370560165671 53.41575542496812
47.942561651058064 53.61257134989911
45.88141770045942 68.12603212292494
43.82027374986078 74.06925011048631
41.75912979926214 69.44672339137473
39.69798584866351 77.30131329853482
37.636841898064866 78.41159493876118
35.575697947466224 83.78651781824185
33.51455399686758 89.36446555810349
31.45341004626894 91.88376436726553
29.3922660956703 95.04776496608653
27.33112214507166 96.5302821591286
25.269978194473016 96.95649295098535
23.208834243874374 90.39822700266159
21.147690293275733 100.36525691091404
19.086546342677092 102.8692350632552
17.025402392078455 98.8535976643105
14.964258441479812 94.09271613248454
12.90311449088117 96.32937565366072
10.841970540282531 104.45358992713199
8.780826589683889 109.20411022002412
6.719682639085249 105.90295134680247
4.658538688486608 97.17790521450473
2.597394737887967 85.76300578057534
0.5362507872893267 76.23598849882917
-1.5248931633093141 62.18180416419436
-3.5860371139079548 53.16927685473913
-5.647181064506595 49.75294060369601
-7.7083250151052365 39.34472927282227
-9.769468965703876 42.156107315815234
-11.830612916302519 39.75003672522097
-13.89175686690116 40.81000202122473
-15.9529008174998 33.300940076748155
-18.01404476809844 35.95969648982181
-20.07518871869708 34.47483141017446
-22.136332669295722 38.53416457040417
-24.197476619894363 37.223352228274614
-26.258620570493 34.328421616568924
-28.319764521091642 38.806023835632644
-30.380908471690283 36.998911372664566
-32.442052422288924 37.147749905853914
-34.503196372887565 37.3297830376293
-36.564340323486206 35.125362562825835
-38.62548427408485 34.177260666117185
-40.68662822468349 35.375955594802036
-42.74777217528212 31.336081160154418
-44.808916125880764 34.23792797349904
-46.870060076479405 38.21992188291228
-48.93120402707805 34.393471302281135
-50.992347977676694 36.25641679920149
-53.053491928275335 34.32420955259194
-55.114635878873976 32.61843245650686
-57.17577982947261 32.04270551896971
-59.23692378007125 37.22767623730495
-61.29806773066989 36.90707988328371
-63.35921168126853 35.06668781317979
-65.42035563186718 37.44840751643263
-67.48149958246582 39.075989430242394
-69.54264353306446 36.26064621808564
-71.6037874836631 32.13045400419396
-73.66493143426175 34.64037512856316
-75.72607538486038 33.53671664654567
-77.78721933545901 34.376417163714
-79.84836328605766 34.89782970675829
-81.9095072366563 35.02178074402754
-83.97065118725494 33.470467526833616
-86.03179513785358 33.30586941277259
-88.09293908845223 32.09645624301939
-90.15408303905086 29.464767365638302
-92.2152269896495 29.218377016112814
-94.27637094024814 32.0904812345274
-96.33751489084679 32.60715585414969
-98.39865884144544 28.66368385903332
-100.45980279204409 33.27947168027829
-102.52094674264272 32.813915433579304
-104.58209069324137 37.48845632817858
-106.64323464384 32.91392622002105
-108.70437859443865 32.269430574525686
-110.76552254503729 29.19286443262863
-112.82666649563592 31.273989937226748
-114.88781044623457 33.478628126952316
-116.9489543968332 34.192763556031366
-119.01009834743185 33.32917425065905
-121.07124229803048 32.22946397873637
-123.13238624862913 32.251744388508
-125.19353019922777 32.44779081818635
-127.2546741498264 26.50709648280515
-129.31581810042505 29.853514810117716
-131.3769620510237 31.701446845092406
-133.43810600162234 31.72323037150579
-135.49924995222096 32.523780022502514
-137.5603939028196 26.028982559618605
-139.62153785341823 27.921489835665746
-141.6826818040169 30.67795453373608
-143.74382575461553 27.937768941941744
-145.80496970521418 30.0195156578676
-147.8661136558128 28.310661648800323
-149.92725760641147 28.728595565736374
-151.9884015570101 28.99175485215873
-154.04954550760874 27.46701363307233
-156.1106894582074 28.145344123874338
-158.171833408806 28.007908558336304
-160.23297735940469 27.882721179558306
-162.2941213100033 27.3814731150564
-164.35526526060195 29.857633983393626
-166.41640921120057 27.757540998648444
-168.47755316179922 25.954124353920644
-170.53869711239787 28.641125152315656
-172.59984106299652 25.538801409042616
-174.66098501359514 29.668886287090288
-176.7221289641938 26.18043358509168
-178.78327291479243 28.75292625905757
-180.84441686539108 25.490568249439846
-182.9055608159897 24.41052257090443
-184.96670476658835 25.112086010840176
-187.02784871718697 26.386006791607297
-189.08899266778565 27.865345807942543
-191.1501366183843 27.140853322010493
-193.21128056898291 25.766596188454976
-195.27242451958156 28.90146284221991
-197.33356847018018 25.26888471230693
-199.39471242077886 26.854766242598462
-201.45585637137748 25.500038143631347
-203.51700032197613 22.167934625780372
-205.57814427257475 27.08235582332374
-207.63928822317342 24.046554332333425
-209.70043217377204 31.33043778009605
-211.7615761243707 24.136471416605033
-213.8227200749693 20.711517633748542
-215.88386402556796 26.750829506727634
-217.9450079761666 23.92745414363823
-220.00615192676526 29.098583875336338
-222.06729587736388 28.248747817272474
-224.12843982796252 25.04624209468622
-226.18958377856114 28.405275323393138
-228.25072772915982 25.989572379531513
-230.31187167975847 31.83207756234032
-232.3730156303571 32.09508160834655
-234.43415958095574 28.28432934078173
-236.49530353155436 25.32991954433619
-238.55644748215303 28.439940716917857
-240.61759143275165 28.110281294875634
-242.6787353833503 28.71875735312805
-244.73987933394892 32.063073651246995
-246.8010232845476 29.47441169226373
-248.86216723514622 27.141684785589096
-250.92331118574486 26.350128084710445
-252.98445513634348 26.666619897174826
-255.04559908694213 28.670222031342846
-257.1067430375408 28.510608919363072
-259.1678869881394 27.434180688865162
-261.22903093873805 28.14730794599355
-263.2901748893367 29.538532074930448
-265.35131883993535 29.334710800509523
-267.41246279053394 28.86482515700974
-269.47360674113264 29.543390306968373
-271.5347506917313 31.903643920156533
-273.5958946423299 29.257978715558956
-275.6570385929286 32.26222110057695
-277.7181825435272 28.522725250183605
-279.7793264941258 29.257700613255494
-281.8404704447245 27.251451611728704
-283.9016143953231 28.04514952944567
-285.96275834592177 32.61858670977164
-288.02390229652036 28.53762548545383
-290.085046247119 32.77350836532347
-292.1461901977177 27.005142632537797
-294.2073341483163 28.45923076888922
-296.26847809891495 25.577175495410618
-298.32962204951355 27.744113230057756
-300.39076600011225 28.065245824599263
-302.4519099507109 27.786620974021023
-304.5130539013095 27.722084895163476
