# BEGINHEADER
# This file contains data from the SALSA 2m radio telescope.
# DATE=2023-04-11T14:04:0011
# GLON and GLAT given in degrees
# GLON=219.7913559715459
# GLAT=-0.23786513886507654
# DATA in two columns below. Col. 1 is velocity relative to LSR [km/s]. Col. 2 is uncalibrated antenna temperature [K].
# ENDHEADER
221.10746498758965 20.407705240023773
219.04632103699103 34.69194662170158
216.98517708639238 28.85533694384814
214.92403313579376 32.061402706475214
212.8628891851951 23.1951918770802
210.80174523459647 28.481973784933707
208.74060128399782 29.395489373957716
206.6794573333992 30.341033214182968
204.61831338280055 23.84773666140761
202.5571694322019 27.499293155747104
200.49602548160325 28.305385786577986
198.43488153100463 24.647139922700983
196.373737580406 23.034604076399475
194.31259362980737 31.681823507541683
192.2514496792087 29.67023995509114
190.19030572861004 27.84741214587001
188.12916177801142 25.815692126258735
186.06801782741277 26.14369019397634
184.00687387681413 29.06363261911495
181.94572992621548 25.402509443609745
179.88458597561686 31.407637592213334
177.8234420250182 27.522305975520943
175.7622980744196 29.19165230465324
173.7011541238209 36.470156698970705
171.6400101732223 32.520937531691935
169.57886622262365 32.083501074105534
167.51772227202503 32.21129809118205
165.45657832142638 27.118259502476885
163.39543437082773 29.93056273421942
161.33429042022908 33.037197548887335
159.27314646963046 28.38583566571831
157.2120025190318 26.91885316003699
155.1508585684332 31.181384059423557
153.08971461783452 27.770813885561438
151.02857066723587 34.71461479992766
148.96742671663725 31.944236186689228
146.9062827660386 29.238834816189463
144.84513881543995 38.21895365834514
142.7839948648413 31.865746562806567
140.72285091424268 33.02892222805587
138.66170696364404 31.176958347968245
136.60056301304542 32.058350427549726
134.53941906244674 37.677251853094226
132.47827511184812 37.53179741077122
130.41713116124947 35.334132072832304
128.35598721065082 31.53440208699562
126.29484326005219 32.530434458085516
124.23369930945356 33.59663014647078
122.17255535885491 31.306534576920043
120.11141140825627 33.74182169184725
118.05026745765763 29.67440496064583
115.98912350705899 30.642481405707322
113.92797955646036 30.88954148572195
111.86683560586171 31.786936777642584
109.80569165526308 32.41451407301515
107.74454770466443 31.168879203765965
105.6834037540658 37.143842958562644
103.62225980346714 30.042105640420424
101.56111585286851 36.73719340444759
99.49997190226988 38.749866153382214
97.43882795167123 32.707574782840865
95.3776840010726 33.271899335775764
93.31654005047393 34.94100674598122
91.2553960998753 35.95394426532492
89.19425214927665 35.994766435153565
87.13310819867802 38.630462006840595
85.07196424807938 34.2739514436966
83.01082029748073 36.21202225008504
80.9496763468821 31.885226752819218
78.88853239628345 39.54302837775427
76.82738844568482 43.46129498108108
74.76624449508617 44.786147345462744
72.70510054448754 48.79292205772877
70.6439565938889 45.92961433151784
68.58281264329025 59.00867030415502
66.52166869269162 60.059505207823776
64.46052474209297 66.88281217561679
62.39938079149433 73.57650427900019
60.33823684089569 80.3830571259531
58.27709289029705 83.49342497491094
56.21594893969841 80.85941301223093
54.154804989099766 90.8546053800666
52.093661038501125 86.39199431247965
50.03251708790249 84.41743941967371
47.97137313730385 79.61769770558324
45.91022918670521 74.2254821969381
43.84908523610656 72.98073463426624
41.78794128550792 79.98745503031407
39.72679733490928 80.74072793670017
37.665653384310644 78.87901608541172
35.604509433712 79.15966309747385
33.54336548311336 77.51592285231365
31.48222153251472 76.7042472659978
29.421077581916077 78.19660145484566
27.35993363131744 81.88650188116192
25.298789680718798 77.396203790038
23.237645730120153 76.6865831008454
21.176501779521512 82.33469503086835
19.11535782892287 84.43063879818673
17.05421387832423 91.88152660938442
14.99306992772559 98.74127318063488
12.93192597712695 87.18379787385597
10.87078202652831 89.0986499871673
8.80963807592967 73.12530744907235
6.748494125331029 71.15693000695157
4.687350174732387 69.51179443518834
2.6262062241337465 67.4768623373913
0.5650622735351057 63.53971597285312
-1.496081677063535 56.316064630948084
-3.5572256276621763 50.77045640812575
-5.6183695782608165 43.62557318421137
-7.679513528859457 37.78529840624665
-9.740657479458097 33.57386758794013
-11.801801430056738 34.517104488872164
-13.86294538065538 38.29318383494927
-15.924089331254022 33.59343469632897
-17.985233281852665 36.056643408350205
-20.046377232451302 35.562985718173444
-22.107521183049943 36.30338421169802
-24.168665133648584 35.20990840042865
-26.229809084247222 37.01651576965753
-28.290953034845863 39.60545768815528
-30.352096985444504 37.415720438764104
-32.413240936043145 35.83736823427313
-34.474384886641786 31.66821947303618
-36.53552883724043 34.22605640342438
-38.59667278783907 38.98263371942364
-40.65781673843771 32.197561436708604
-42.71896068903635 35.46943454961423
-44.78010463963499 39.06377533870456
-46.841248590233626 37.48723667420229
-48.90239254083227 38.95100823815753
-50.96353649143091 31.049907620861656
-53.024680442029556 30.342183568159474
-55.0858243926282 33.32487021094227
-57.14696834322684 36.38333942929075
-59.20811229382547 34.19953380783977
-61.26925624442411 35.64781594598461
-63.330400195022754 36.222807907210836
-65.3915441456214 30.769245901961348
-67.45268809622004 34.8335739398079
-69.51383204681868 31.115094309455138
-71.57497599741733 34.85130231681457
-73.63611994801596 32.15511391760914
-75.69726389861461 34.5814832332174
-77.75840784921324 35.12843928908172
-79.81955179981188 34.56422095495477
-81.88069575041052 33.00945308825289
-83.94183970100916 31.64733883349265
-86.0029836516078 28.870372151844208
-88.06412760220644 33.44419561409488
-90.12527155280509 34.80372202359562
-92.18641550340372 31.985003865491834
-94.24755945400236 34.318870013593305
-96.308703404601 28.536326186159773
-98.36984735519964 39.206153797133666
-100.4309913057983 33.55777987514111
-102.49213525639694 29.78662843039192
-104.55327920699558 34.44181372471119
-106.61442315759422 31.783333392603126
-108.67556710819285 29.626917943630108
-110.7367110587915 30.910332168642586
-112.79785500939013 31.02501522628215
-114.85899895998878 28.09818387932591
-116.92014291058742 28.748964217803255
-118.98128686118606 29.572503019359704
-121.0424308117847 29.3321601003957
-123.10357476238333 28.172846930542605
-125.16471871298198 25.276417822189586
-127.22586266358061 28.73101625568557
-129.28700661417926 27.971168257883217
-131.3481505647779 27.508328218461404
-133.40929451537653 30.69998822010482
-135.47043846597518 28.354655966516518
-137.53158241657383 28.658549603394572
-139.59272636717247 30.37688433016797
-141.6538703177711 26.61957713807752
-143.71501426836974 26.125174825456494
-145.7761582189684 29.392977712176787
-147.83730216956704 29.50306601799854
-149.89844612016566 28.579658508273237
-151.9595900707643 29.9573860592327
-154.02073402136293 29.459445048139823
-156.0818779719616 28.082298067657696
-158.14302192256025 27.03742418485998
-160.20416587315887 26.97310988904536
-162.26530982375752 30.206251801799816
-164.32645377435614 31.063997734174098
-166.38759772495482 26.983691001624198
-168.44874167555344 27.82893650965625
-170.50988562615208 34.322314445086555
-172.5710295767507 28.302546546611982
-174.63217352734938 23.359198316537398
-176.693317477948 26.26566352804005
-178.75446142854665 26.66295570971068
-180.81560537914527 24.99065271889278
-182.87674932974392 21.922932317155897
-184.93789328034256 33.661620213445
-186.9990372309412 28.159455892924804
-189.06018118153983 27.78262014043324
-191.12132513213848 32.47885663849454
-193.1824690827371 29.03152987109472
-195.24361303333578 27.35468255766313
-197.30475698393442 29.16892106743807
-199.36590093453304 29.45633163096012
-201.4270448851317 29.790962013207185
-203.48818883573034 27.758649607175588
-205.549332786329 28.14266372064713
-207.6104767369276 31.880180786179636
-209.67162068752626 28.752510047235035
-211.73276463812488 28.624826428056203
-213.79390858872355 26.07136157927353
-215.85505253932217 28.34390441133541
-217.91619648992082 32.869088157268635
-219.97734044051944 30.018987034461315
-222.0384843911181 24.59721030519547
-224.09962834171674 27.039103200748745
-226.1607722923154 28.0006767575795
-228.221916242914 28.047764429483347
-230.28306019351265 30.78173156795678
-232.34420414411127 27.985512304771127
-234.40534809470995 23.347879653031363
-236.4664920453086 22.1999345593701
-238.52763599590722 30.260368005922285
-240.58877994650587 24.920600303628454
-242.64992389710451 26.395878009444942
-244.71106784770316 27.85877828719351
-246.77221179830178 28.01049985307749
-248.83335574890043 26.605232837918265
-250.89449969949905 30.817924817273088
-252.95564365009773 30.129494120990223
-255.01678760069635 28.467530585749504
-257.07793155129497 29.286504636004608
-259.1390755018936 25.70238041788777
-261.20021945249226 27.543204728228368
-263.2613634030909 26.582232450591302
-265.3225073536895 29.140003605890175
-267.3836513042882 26.122192830441197
-269.44479525488686 27.311337894683035
-271.50593920548545 31.943369538651595
-273.56708315608415 29.525904573907138
-275.62822710668274 27.38657465053648
-277.6893710572814 28.280431618122783
-279.75051500788004 32.847522030479055
-281.8116589584787 31.82318884846749
-283.87280290907734 29.407261529245947
-285.933946859676 30.228802105773898
-287.9950908102746 29.94532143069129
-290.0562347608733 31.92020985237695
-292.1173787114719 30.660034279606165
-294.1785226620705 27.168891040081153
-296.23966661266917 28.56333878177989
-298.3008105632678 27.378953494305932
-300.36195451386646 30.38576114680806
-302.42309846446506 27.002859555845358
-304.4842424150637 28.64768404537829
