# BEGINHEADER
# This file contains data from the SALSA 2m radio telescope.
# DATE=2023-04-11T14:01:0054
# GLON and GLAT given in degrees
# GLON=199.81657864580183
# GLAT=-0.24274581708236548
# DATA in two columns below. Col. 1 is velocity relative to LSR [km/s]. Col. 2 is uncalibrated antenna temperature [K].
# ENDHEADER
221.7493117508932 12.21794168424906
219.6881678002946 30.744101930282877
217.62702384969592 27.17373404026232
215.5658798990973 30.998881501696
213.50473594849865 30.301890941297994
211.44359199790003 24.824451553943593
209.38244804730135 26.52423725834552
207.32130409670273 32.50014174298183
205.26016014610408 28.617493908528218
203.19901619550546 28.396200148233326
201.13787224490682 33.265081475799654
199.07672829430817 28.688082866391007
197.0155843437095 27.049005637544578
194.95444039311087 24.94976952025779
192.89329644251222 29.0940815718195
190.83215249191358 30.0264268462691
188.77100854131496 28.947341388979517
186.70986459071628 32.69006017437584
184.64872064011766 25.622309972237066
182.587576689519 28.90883117781853
180.5264327389204 29.707811498738277
178.46528878832174 29.255306501285215
176.4041448377231 32.024348357354995
174.34300088712445 33.80293404809077
172.28185693652583 27.35181832426833
170.22071298592718 28.24848861735559
168.15956903532853 26.09534807987229
166.09842508472988 25.3216445184494
164.03728113413126 28.07202089019733
161.97613718353261 31.29331536623111
159.914993232934 30.134620953529694
157.85384928233532 30.645242723193217
155.79270533173667 31.953977232321115
153.73156138113805 34.014537302644456
151.6704174305394 32.131894986304815
149.60927347994078 30.726900584973123
147.5481295293421 32.711214775823564
145.4869855787435 28.008433174501388
143.42584162814484 29.84974652476469
141.36469767754622 29.16310236021937
139.30355372694754 34.82283929266428
137.24240977634892 35.00944170997741
135.18126582575027 29.03401649547525
133.12012187515165 30.289385419230122
131.058977924553 34.869835062354454
128.99783397395436 27.320761714848125
126.93669002335571 32.11868254536593
124.87554607275707 34.16047268621153
122.81440212215844 31.56947799310137
120.75325817155979 33.18339618876504
118.69211422096116 32.57525559948273
116.63097027036251 34.605765234056015
114.56982631976388 36.58267497854299
112.50868236916523 35.31908183199361
110.4475384185666 33.19141941589457
108.38639446796796 31.858353618844582
106.32525051736931 35.077991467966584
104.26410656677068 35.87223000870573
102.20296261617203 33.20768665580973
100.1418186655734 35.84043571819961
98.08067471497476 35.05080436446904
96.01953076437611 35.116109362986634
93.95838681377747 37.97638330776097
91.89724286317883 36.4838263283281
89.83609891258018 33.69974760103193
87.77495496198155 31.039986023827336
85.71381101138292 36.1052171483064
83.65266706078427 33.68687456785042
81.59152311018563 35.56490895158378
79.53037915958699 38.064242207300474
77.46923520898835 37.62468733135551
75.4080912583897 33.89106085629005
73.34694730779107 32.767379122246716
71.28580335719244 35.47279506733965
69.22465940659379 35.327178013341126
67.16351545599515 39.28246183446605
65.1023715053965 31.97024467166131
63.041227554797864 33.986993256393504
60.98008360419922 31.30753678093541
58.91893965360058 33.161289817118195
56.85779570300194 34.9621004646847
54.7966517524033 36.549476303618455
52.735507801804665 35.82162199128986
50.674363851206024 34.73487320412846
48.61321990060738 42.34641181273018
46.552075950008735 44.46864923125627
44.490931999410094 48.84267073836883
42.42978804881145 53.59180527703064
40.36864409821282 60.63803989132421
38.30750014761418 66.59645670000118
36.24635619701554 71.68949300442152
34.185212246416896 79.3986179382584
32.124068295818255 77.1229461418666
30.062924345219614 82.7147983871372
28.001780394620972 89.2815425971585
25.94063644402233 95.052952777089
23.879492493423687 99.42482012480517
21.81834854282505 108.13714804621688
19.757204592226408 104.07653806075916
17.696060641627767 100.95082722989841
15.634916691029126 98.60265490454792
13.573772740430487 97.47451648240565
11.512628789831844 108.57392742524245
9.451484839233203 109.38545114422128
7.3903408886345625 115.30533416182325
5.329196938035921 108.53474657390475
3.268052987437281 98.4427144510784
1.2069090368386401 91.07635043883973
-0.8542349137600006 79.45643274591998
-2.915378864358642 73.13304815706182
-4.976522814957282 59.55504464256023
-7.037666765555923 56.96444076586741
-9.098810716154563 51.79904335738322
-11.159954666753205 46.95622274336509
-13.221098617351844 44.3491658929905
-15.282242567950485 38.7530965461553
-17.343386518549128 42.860936445353005
-19.404530469147765 37.27444076148335
-21.465674419746406 37.32378263416145
-23.526818370345048 38.59306952333602
-25.58796232094369 37.64800067166361
-27.64910627154233 31.759000718277886
-29.71025022214097 36.59680597028287
-31.771394172739612 34.5892184546695
-33.83253812333825 32.80690551168842
-35.893682073936894 40.10130706603431
-37.954826024535535 36.53955383991593
-40.015969975134176 36.5363680462997
-42.07711392573282 37.54307879781275
-44.13825787633145 31.93870771951844
-46.19940182693009 31.449110363484618
-48.26054577752873 37.65334361453741
-50.32168972812738 35.36496370193754
-52.38283367872602 38.19732028378656
-54.443977629324664 32.16053606468782
-56.5051215799233 37.27039148818488
-58.56626553052194 36.17170372878474
-60.62740948112058 35.15085717020929
-62.68855343171922 36.16844511814227
-64.74969738231786 38.97262756576539
-66.81084133291651 35.27297972568673
-68.87198528351514 36.562554268592606
-70.93312923411379 34.46174313836378
-72.99427318471243 36.29863846716045
-75.05541713531107 36.62634425558672
-77.11656108590971 30.158062034271943
-79.17770503650834 29.999184137462272
-81.23884898710699 33.167283658348836
-83.29999293770562 32.509387630585735
-85.36113688830427 35.554482871099054
-87.4222808389029 31.60942278261064
-89.48342478950156 30.55929108477913
-91.54456874010019 31.23551279064622
-93.60571269069882 33.4504586068029
-95.66685664129747 32.34298261110724
-97.72800059189612 29.62408429781216
-99.78914454249477 32.502265186162525
-101.85028849309342 32.15356260215604
-103.91143244369205 28.331352993142573
-105.9725763942907 32.345685614003365
-108.03372034488933 29.115318092393547
-110.09486429548798 30.814234724035572
-112.15600824608661 30.25115174572084
-114.21715219668525 28.610506732531356
-116.2782961472839 33.75575647665303
-118.33944009788253 24.870545700342184
-120.40058404848118 25.865816099389217
-122.46172799907981 27.215858281588538
-124.52287194967846 28.704887079316972
-126.5840159002771 30.366857613619977
-128.64515985087573 27.356931915211426
-130.70630380147438 31.8609173119353
-132.76744775207302 28.30132698744181
-134.82859170267167 32.29173073271508
-136.8897356532703 29.659255785674056
-138.95087960386894 25.676736992242528
-141.01202355446756 28.746841858713676
-143.07316750506624 25.63440393989323
-145.13431145566486 27.260660401445183
-147.1954554062635 28.042810954221196
-149.25659935686213 27.18966415063254
-151.3177433074608 33.06809152397658
-153.37888725805942 28.82677555405143
-155.44003120865807 33.029625004089866
-157.50117515925672 25.681456372605528
-159.56231910985534 25.493274207805698
-161.62346306045401 28.07889167200343
-163.68460701105263 28.789674536879335
-165.74575096165128 28.023420080211498
-167.8068949122499 33.97063763326662
-169.86803886284855 30.13884296840056
-171.9291828134472 30.5400270793658
-173.99032676404585 26.743514795685858
-176.05147071464447 27.29047275588357
-178.11261466524311 29.097763973724255
-180.17375861584176 27.100836539286085
-182.2349025664404 29.74609846715951
-184.29604651703903 25.717937896268975
-186.35719046763768 24.84281932607889
-188.4183344182363 28.335474488949774
-190.47947836883498 26.904097177443045
-192.54062231943362 25.457547626785377
-194.60176627003224 28.629930462555908
-196.6629102206309 27.077812766557678
-198.7240541712295 26.458863966010078
-200.78519812182816 25.52118125650737
-202.84634207242678 25.867557935515368
-204.90748602302543 27.145669780081317
-206.96862997362408 26.990168107752158
-209.02977392422272 26.91090490397665
-211.09091787482134 32.87643481230358
-213.15206182542 26.69542494742752
-215.2132057760186 27.249682543848067
-217.2743497266173 23.111572617215472
-219.3354936772159 24.537282523254596
-221.39663762781456 29.180950495973335
-223.45778157841318 26.92698003356769
-225.51892552901182 28.722769896454604
-227.58006947961047 30.65661736602824
-229.64121343020912 27.396133749198523
-231.70235738080774 28.078536418829117
-233.7635013314064 26.20713688089162
-235.82464528200504 22.73806099070079
-237.88578923260368 23.824787053896753
-239.94693318320233 27.651594009937448
-242.00807713380095 31.195370537988588
-244.0692210843996 26.425788854295213
-246.13036503499825 32.80764090168817
-248.1915089855969 30.965161250429745
-250.25265293619552 25.02684996980899
-252.31379688679417 26.105181609580846
-254.37494083739278 29.403255326730736
-256.43608478799143 24.799546628817765
-258.4972287385901 29.92237040647748
-260.55837268918873 27.887064555758894
-262.6195166397874 29.560504551614997
-264.680660590386 28.759585759649955
-266.7418045409846 28.82367914973185
-268.80294849158327 29.434977298198955
-270.86409244218197 28.4849291948937
-272.92523639278056 24.072827916561444
-274.9863803433792 28.97450492849442
-277.04752429397786 29.457592862499904
-279.1086682445765 28.805090275529423
-281.16981219517515 30.446745118038965
-283.23095614577375 33.145199940000715
-285.29210009637245 28.188894055207584
-287.35324404697104 29.642696460986322
-289.4143879975697 29.67606471750452
-291.47553194816834 26.633280731935287
-293.536675898767 29.67647866897753
-295.59781984936564 27.463049578083076
-297.6589637999642 27.618574283239578
-299.7201077505629 30.356580075076824
-301.7812517011616 25.85667405632074
-303.84239565176017 30.391961855391145
