# BEGINHEADER
# This file contains data from the SALSA 2m radio telescope.
# DATE=2023-04-11T13:56:0007
# GLON and GLAT given in degrees
# GLON=154.839072739469
# GLAT=-0.2327816036872141
# DATA in two columns below. Col. 1 is velocity relative to LSR [km/s]. Col. 2 is uncalibrated antenna temperature [K].
# ENDHEADER
241.1344216791661 13.445613198468493
239.0732777285675 30.82562390963772
237.0121337779688 26.43108434184739
234.9509898273702 24.802375278768494
232.88984587677155 24.706959935937988
230.82870192617293 28.517766343339837
228.76755797557428 27.0583258086946
226.70641402497563 24.349269369103617
224.64527007437698 26.428494203616424
222.58412612377836 27.80277262844439
220.5229821731797 27.72719041626493
218.4618382225811 30.88803212497521
216.40069427198242 25.829505627208842
214.3395503213838 24.214180991241324
212.27840637078515 27.853016693909037
210.21726242018653 31.28543737625695
208.15611846958788 28.666840755400386
206.0949745189892 23.177427567445434
204.03383056839058 27.672754654051694
201.97268661779194 29.192326737378608
199.91154266719332 27.49723675377047
197.85039871659467 29.913066267185517
195.78925476599605 26.31886418761993
193.7281108153974 34.13982449006975
191.66696686479878 28.03215459267602
189.6058229142001 25.006712772786216
187.54467896360148 29.834857232526627
185.48353501300284 33.443864464010915
183.42239106240422 28.247313062246604
181.36124711180554 29.582404072491872
179.30010316120692 33.84546788300817
177.23895921060827 32.401124946690864
175.17781526000965 27.591854803521752
173.116671309411 33.40732414290035
171.05552735881236 30.55015367115654
168.9943834082137 28.373388118494304
166.93323945761506 33.567113167984544
164.87209550701644 30.790283072926865
162.8109515564178 30.045139405371543
160.74980760581914 26.026261113798277
158.6886636552205 31.33731315160418
156.62751970462188 32.992311192877224
154.56637575402323 27.868077904537188
152.5052318034246 30.03959472283079
150.44408785282593 32.606242362033136
148.3829439022273 33.9265972705719
146.32179995162866 34.49059090521282
144.26065600103004 35.106203299331455
142.19951205043137 30.76325628970556
140.13836809983275 33.50878746310646
138.0772241492341 34.71792808365841
136.01608019863548 31.913626789652284
133.95493624803683 32.592099987160964
131.89379229743818 33.944398834885526
129.83264834683953 35.21025795890001
127.7715043962409 28.933685947067104
125.71036044564225 33.654409744335915
123.64921649504362 36.732009765719134
121.58807254444498 32.02781005531877
119.52692859384634 39.482929515738334
117.4657846432477 34.42029618458605
115.40464069264905 35.38983872299685
113.34349674205042 38.68480157284972
111.28235279145179 33.773288583871135
109.22120884085312 36.15625131470625
107.16006489025449 38.271770708026445
105.09892093965584 35.29771987747766
103.0377769890572 31.95978159194927
100.97663303845856 33.63187451406325
98.91548908785992 33.57508705642253
96.85434513726129 29.017517496114134
94.79320118666264 37.430420087721586
92.73205723606401 38.42651976893857
90.67091328546536 36.506158337738235
88.60976933486673 34.721909657925224
86.54862538426808 37.00872498161613
84.48748143366944 38.03548062690465
82.42633748307081 38.058287495903144
80.36519353247216 29.68636723935681
78.30404958187353 39.8812453402112
76.24290563127488 36.48282445849707
74.18176168067625 30.92792509901139
72.12061773007758 44.433561137864125
70.05947377947895 38.76087054019074
67.99832982888032 33.33502256652737
65.93718587828167 40.36186619851474
63.87604192768303 39.22901634106398
61.81489797708439 37.70231863476189
59.75375402648575 38.754409249836016
57.69261007588711 36.039485834249675
55.63146612528847 39.06832983242078
53.57032217468983 34.79679335469264
51.50917822409119 30.67067384905086
49.44803427349255 33.92086250163233
47.38689032289391 39.02155592617199
45.32574637229527 35.999734833260234
43.26460242169663 36.128589937795105
41.20345847109798 34.08773945429402
39.14231452049934 35.10847619385829
37.0811705699007 31.380956863237202
35.020026619302065 33.90784974176337
32.958882668703424 33.312250718548505
30.897738718104783 37.97800931518335
28.836594767506142 40.30913562479375
26.775450816907497 37.99610847851615
24.71430686630886 40.53127605794365
22.65316291571022 38.56776067718018
20.592018965111578 37.609067411409214
18.530875014512933 38.51279617669529
16.469731063914296 40.56609547754798
14.408587113315654 41.9185895795036
12.347443162717013 43.62388480200725
10.286299212118372 39.43640862011207
8.225155261519731 52.126589281125796
6.164011310921091 64.9277919884916
4.102867360322451 76.81297522853347
2.0417234097238093 83.9782232819974
-0.019420540874831544 94.51420791133927
-2.0805644914734724 98.48889385427098
-4.1417084420721135 98.42132429347437
-6.202852392670754 102.6787614932633
-8.263996343269396 97.17221436376516
-10.325140293868035 89.2759140467189
-12.386284244466674 92.68388471038745
-14.447428195065315 93.41220383030185
-16.508572145663955 94.4234495980957
-18.569716096262596 97.6261836156859
-20.63086004686124 94.92717085272605
-22.69200399745988 88.81706598295541
-24.75314794805852 99.17803168233137
-26.81429189865716 106.83424962273173
-28.8754358492558 105.6746408693917
-30.936579799854442 95.9130409090639
-32.99772375045308 105.61366213389246
-35.058867701051724 99.01015495176145
-37.120011651650366 95.94829193938287
-39.18115560224901 85.04838812317186
-41.24229955284765 81.27736845818093
-43.30344350344629 78.09380625942097
-45.36458745404493 64.86733575648107
-47.425731404643564 70.04993733943705
-49.486875355242205 64.0218412014378
-51.548019305840846 62.438864178198116
-53.60916325643949 53.468161499071826
-55.670307207038135 43.43931218349822
-57.731451157636776 43.941295794987155
-59.79259510823542 40.44258498785739
-61.85373905883405 42.40057536401671
-63.91488300943269 40.922366922879256
-65.97602696003133 35.12945651667368
-68.03717091062997 35.60529315349662
-70.09831486122862 38.4741930613827
-72.15945881182725 34.16537011582231
-74.2206027624259 40.24766996696306
-76.28174671302453 35.07655359875299
-78.34289066362318 34.918197144161255
-80.40403461422181 33.84219003820694
-82.46517856482045 37.14640963780792
-84.52632251541911 38.49941804491977
-86.58746646601774 33.142910212025114
-88.64861041661639 31.55526996958901
-90.70975436721503 31.087806024917633
-92.77089831781367 33.04334638149546
-94.83204226841231 33.13738903594189
-96.89318621901094 31.193451786933792
-98.95433016960959 28.224995684710425
-101.01547412020822 28.67675930494676
-103.07661807080687 33.14326446580856
-105.1377620214055 29.215065234518203
-107.19890597200416 31.391033120621973
-109.26004992260279 27.69068828784586
-111.32119387320142 31.090483659275662
-113.38233782380007 27.811106397522607
-115.4434817743987 26.40389998435802
-117.50462572499735 27.524071285315166
-119.56576967559599 31.266301022761738
-121.62691362619465 29.934576169623092
-123.68805757679328 30.388331791770806
-125.74920152739192 28.382552198137034
-127.81034547799057 27.055868197642223
-129.8714894285892 24.810671910491063
-131.93263337918785 30.4989150778107
-133.99377732978647 28.112058940751485
-136.05492128038512 30.73826978272024
-138.11606523098374 28.955951436482056
-140.1772091815824 26.67225688382554
-142.23835313218106 27.956424678008336
-144.29949708277968 24.67298817589616
-146.36064103337833 31.135421895893497
-148.42178498397698 24.680720314696813
-150.48292893457563 34.25007999082133
-152.54407288517424 27.642373851985727
-154.6052168357729 25.140532531431994
-156.6663607863715 25.576473973627834
-158.7275047369702 26.55856720700101
-160.7886486875688 28.19612958905052
-162.84979263816746 27.059946318658092
-164.91093658876608 29.69540461698801
-166.97208053936473 26.45598088691612
-169.03322448996337 27.545778587076104
-171.09436844056202 23.538719424240355
-173.15551239116064 27.416397904359155
-175.2166563417593 29.198609229798752
-177.27780029235794 28.729034530603897
-179.3389442429566 28.020772411848704
-181.40008819355523 24.077987911211405
-183.46123214415385 30.033764421304987
-185.5223760947525 27.946803630129946
-187.58352004535115 28.615455915386857
-189.6446639959498 27.825123881263703
-191.70580794654842 27.02068037320824
-193.76695189714707 25.9281666325225
-195.8280958477457 26.639796282591345
-197.88923979834436 27.25061280987996
-199.950383748943 27.175145799498164
-202.01152769954166 26.47934224388413
-204.07267165014028 25.69385515243586
-206.13381560073893 29.995844450471722
-208.19495955133755 27.0629958069086
-210.25610350193622 24.79697327067974
-212.31724745253484 22.16112547575301
-214.3783914031335 24.266360475331563
-216.4395353537321 24.555196447221622
-218.5006793043308 25.172428474702098
-220.56182325492944 26.545338547938112
-222.62296720552806 31.45644715816596
-224.6841111561267 30.046824663831796
-226.74525510672532 27.96576561447129
-228.806399057324 21.77440739811015
-230.86754300792262 25.528363074501883
-232.92868695852127 26.315725764757637
-234.9898309091199 26.763090433531328
-237.05097485971854 27.830853351556918
-239.11211881031718 26.34809879111955
-241.17326276091583 24.83536577385929
-243.23440671151445 27.601703552962142
-245.2955506621131 25.93240443939746
-247.35669461271175 30.511220153923666
-249.4178385633104 30.67506123811409
-251.47898251390902 24.983831722675454
-253.54012646450767 27.786142215735456
-255.60127041510628 25.182159863588048
-257.662414365705 27.779795972420253
-259.7235583163036 31.4246216314564
-261.78470226690223 30.29507413899827
-263.8458462175009 28.60072891277633
-265.9069901680995 29.499480614079715
-267.9681341186981 27.774195326141456
-270.0292780692968 27.078179821088934
-272.09042201989547 26.375013805414337
-274.15156597049406 28.98758812666844
-276.2127099210927 27.116650259148855
-278.27385387169136 29.73538194952693
-280.33499782229 28.890526787110122
-282.39614177288865 21.124920302129272
-284.45728572348725 25.96153437609475
