# BEGINHEADER
# This file contains data from the SALSA 2m radio telescope.
# DATE=2023-04-11T14:01:0022
# GLON and GLAT given in degrees
# GLON=194.8477039730655
# GLAT=-0.25639838632590595
# DATA in two columns below. Col. 1 is velocity relative to LSR [km/s]. Col. 2 is uncalibrated antenna temperature [K].
# ENDHEADER
222.73545889412054 13.122359204379825
220.6743149435219 31.94152470242931
218.61317099292324 30.96657585721206
216.5520270423246 29.89076239596481
214.49088309172598 28.814782958945592
212.42973914112733 33.282008536691436
210.36859519052868 28.909990413543472
208.30745123993003 25.026428410672853
206.2463072893314 27.575345665655345
204.18516333873276 31.942101965173517
202.12401938813414 28.27778913643657
200.06287543753547 22.93286800455726
198.00173148693685 29.930960643424942
195.94058753633823 31.738022757871047
193.87944358573955 28.3594522768357
191.81829963514093 29.027211196201428
189.75715568454228 30.2656504849204
187.69601173394366 27.72985588490948
185.63486778334502 29.026494818927713
183.57372383274637 26.611191137622352
181.51257988214772 32.758786263973555
179.4514359315491 32.57854328977135
177.39029198095045 28.358814796313485
175.32914803035183 31.692799088034622
173.26800407975315 31.948057678596168
171.20686012915453 34.7516825172718
169.1457161785559 29.690138775953823
167.08457222795727 33.52454903582133
165.02342827735862 30.316800877917554
162.96228432675994 31.078414175703532
160.90114037616132 35.49758820978193
158.83999642556267 31.957494937484924
156.77885247496405 33.33134517709964
154.71770852436538 32.37830571916294
152.65656457376676 32.446376796732466
150.5954206231681 31.98279137324471
148.5342766725695 35.557680728649956
146.47313272197084 31.743588925164435
144.4119887713722 30.807195037267416
142.35084482077355 32.900208320936855
140.28970087017493 35.671157282639356
138.22855691957628 33.373746881467575
136.16741296897766 35.563529134474884
134.10626901837898 37.39932421389886
132.04512506778036 38.32078359312735
129.9839811171817 31.35646263415819
127.92283716658307 32.67583627222365
125.86169321598443 34.726328200010045
123.8005492653858 33.56605066466462
121.73940531478715 38.461471188823
119.67826136418851 34.380302591672155
117.61711741358987 37.44357850639363
115.55597346299123 39.08544770276664
113.49482951239258 38.025405757360055
111.43368556179395 34.71912702175092
109.37254161119532 34.096799698197536
107.31139766059667 33.35318821628273
105.25025370999803 36.07689072264649
103.18910975939937 36.09887776309072
101.12796580880074 25.208194905231956
99.06682185820209 35.97868285136414
97.00567790760346 33.79179459777129
94.94453395700482 34.71036453376552
92.88339000640617 35.0614981899106
90.82224605580754 36.90534258017232
88.76110210520889 37.06095135051012
86.69995815461026 32.531324100606454
84.63881420401161 40.68287101600938
82.57767025341298 37.31021941805826
80.51652630281434 36.129749415949526
78.4553823522157 37.997936955699245
76.39423840161706 37.45749397675061
74.33309445101841 31.514449129856285
72.27195050041978 40.236060725262206
70.21080654982113 38.325600020382595
68.1496625992225 37.538100991980734
66.08851864862386 34.60477912727583
64.0273746980252 34.21863214296389
61.96623074742657 34.792263001488784
59.90508679682793 35.082186542126024
57.84394284622929 36.185472349376546
55.78279889563064 39.859846357584026
53.721654945032 39.13250970939313
51.66051099443336 32.13644135254227
49.59936704383472 35.99148225010578
47.53822309323608 41.884127975891815
45.477079142637436 38.99480563243179
43.415935192038795 47.38999885017876
41.354791241440154 46.78182982041308
39.29364729084151 47.34953814977713
37.23250334024288 52.05667064895459
35.17135938964423 42.22197374578346
33.11021543904559 56.26552577788017
31.04907148844695 62.61544175726727
28.987927537848307 69.57152619358163
26.92678358724967 79.060254748567
24.86563963665103 86.71731263627198
22.804495686052388 96.52988469378198
20.743351735453746 108.53504096514503
18.682207784855105 110.14019237293269
16.621063834256464 112.76105570261608
14.559919883657823 121.1349633045966
12.498775933059182 122.47300616143384
10.437631982460543 126.57362542450588
8.376488031861902 131.97016701602234
6.3153440812632615 131.44833675973257
4.25420013066462 129.35163366661791
2.1930561800659802 123.07019771142446
0.1319122294673393 103.50691319916358
-1.9292317211313015 100.51256026774817
-3.990375671729942 82.8735377931369
-6.051519622328583 71.07091522974233
-8.112663572927223 62.52285147382089
-10.173807523525864 57.83290458716703
-12.234951474124506 51.62077715647252
-14.296095424723148 43.60813098610975
-16.35723937532179 43.06962993151144
-18.41838332592043 39.891532872417216
-20.47952727651907 38.65085961444439
-22.54067122711771 38.97758146010274
-24.60181517771635 41.40499088380025
-26.662959128314995 36.801879507949536
-28.724103078913632 35.23979268719631
-30.785247029512274 40.49515936089907
-32.84639098011091 35.554363292770915
-34.90753493070955 35.041847502647094
-36.96867888130819 37.421118177875314
-39.029822831906834 32.230439029743486
-41.09096678250548 34.979158230419834
-43.152110733104124 35.58986293975723
-45.21325468370276 34.83001269347899
-47.2743986343014 32.02118780420287
-49.33554258490004 31.63051505055609
-51.396686535498674 30.966587973468233
-53.457830486097315 31.901089380141666
-55.518974436695956 36.19739729296512
-57.5801183872946 35.565063874535106
-59.64126233789324 37.35666302066347
-61.702406288491886 34.99267805230879
-63.76355023909052 38.623153805219836
-65.82469418968917 39.73981090984333
-67.8858381402878 37.37090040281076
-69.94698209088644 41.26454947796609
-72.00812604148508 31.838186137919465
-74.06926999208372 32.20781233934159
-76.13041394268237 36.44713340397266
-78.191557893281 33.31244312890033
-80.25270184387965 30.037591493069417
-82.31384579447828 32.07546721761817
-84.37498974507692 30.122197779981025
-86.43613369567557 32.05298024326241
-88.4972776462742 35.20150386181262
-90.55842159687286 35.293559185701326
-92.6195655474715 32.73884272906313
-94.68070949807014 34.176073741653816
-96.74185344866878 30.527801714136693
-98.80299739926741 35.546376727257375
-100.86414134986606 31.44172885791356
-102.9252853004647 30.278575262370765
-104.98642925106334 31.164628425390234
-107.04757320166198 30.279945483516332
-109.10871715226062 31.79663787128326
-111.16986110285926 31.45164139685093
-113.23100505345789 33.81451282491796
-115.29214900405654 32.47498161668314
-117.35329295465517 30.411346509161
-119.41443690525382 33.845404408106475
-121.47558085585246 34.26761191326064
-123.5367248064511 28.089284904413198
-125.59786875704974 29.91965197464894
-127.65901270764837 29.708370975856795
-129.72015665824702 33.81951525544396
-131.78130060884567 30.25816163682822
-133.8424445594443 27.502533336834393
-135.90358851004297 31.069737507462495
-137.96473246064159 31.348297636238772
-140.02587641124023 29.00764790354758
-142.08702036183885 33.2614440829113
-144.1481643124375 29.338501589698094
-146.20930826303615 28.262301156253166
-148.2704522136348 30.62408095801453
-150.33159616423345 31.852458378855175
-152.39274011483207 23.79021051188763
-154.4538840654307 28.93590320549406
-156.51502801602936 29.967609642431295
-158.576171966628 28.096859196533813
-160.63731591722663 29.36202107595582
-162.69845986782528 28.84288232750213
-164.75960381842393 28.56958743909184
-166.82074776902257 27.18494380442901
-168.8818917196212 28.003311008643664
-170.94303567021984 31.512964503946737
-173.00417962081846 26.31158185510124
-175.06532357141714 31.526101542835274
-177.12646752201576 32.080066221328266
-179.1876114726144 28.612965308173074
-181.24875542321303 28.15102833745324
-183.30989937381167 26.20842834867894
-185.37104332441035 31.705042380616913
-187.43218727500897 28.30634923350103
-189.49333122560762 29.745890559644515
-191.55447517620624 25.82508435255364
-193.6156191268049 27.317546834677064
-195.67676307740354 32.82794136772412
-197.73790702800218 24.30548238737291
-199.79905097860083 25.791543558723102
-201.86019492919948 29.74494125208468
-203.9213388797981 27.782533746547543
-205.98248283039678 27.130912282574258
-208.0436267809954 27.592909700756742
-210.10477073159404 25.920355343514675
-212.16591468219266 24.90595990501507
-214.2270586327913 26.709696411409414
-216.28820258338996 23.61594213875102
-218.3493465339886 28.621721146712297
-220.41049048458723 28.009570129933728
-222.47163443518588 28.82780250303428
-224.53277838578452 30.089104744195186
-226.59392233638317 28.727776535069687
-228.65506628698182 32.54680736947273
-230.71621023758044 27.081598739864454
-232.7773541881791 28.002626118613698
-234.83849813877774 30.542486435932503
-236.89964208937639 30.012721699516977
-238.960786039975 27.09347268988267
-241.02192999057365 24.153192651507087
-243.08307394117227 29.76655196177236
-245.14421789177095 26.06664666214539
-247.20536184236957 25.921733253768725
-249.26650579296822 30.194330110208625
-251.32764974356684 29.24721338717808
-253.38879369416549 28.351880802020784
-255.44993764476413 29.102342442515077
-257.5110815953628 23.32685325955566
-259.57222554596143 31.070736185630068
-261.63336949656 31.706675040258762
-263.69451344715867 28.78881887884087
-265.7556573977574 30.63535077129376
-267.81680134835597 30.471041987787462
-269.8779452989546 31.709541417197475
-271.93908924955326 26.323977263641883
-274.0002332001519 27.66843064787177
-276.06137715075056 25.48549938628325
-278.12252110134915 26.545140895343312
-280.1836650519478 26.65569567367365
-282.2448090025465 20.591508193591096
-284.3059529531451 24.901292227377812
-286.36709690374374 26.838081931703314
-288.4282408543424 25.913254704497447
-290.48938480494104 26.252328172324937
-292.5505287555397 24.58380535216081
-294.6116727061383 27.334704395239278
-296.6728166567369 31.674611133023674
-298.73396060733563 29.9595177169309
-300.7951045579342 31.017224650872375
-302.8562485085329 35.53228637954727
