# BEGINHEADER
# This file contains data from the SALSA 2m radio telescope.
# DATE=2023-04-11T14:03:0037
# GLON and GLAT given in degrees
# GLON=214.82655291598755
# GLAT=-0.20471832950550287
# DATA in two columns below. Col. 1 is velocity relative to LSR [km/s]. Col. 2 is uncalibrated antenna temperature [K].
# ENDHEADER
220.76439118089453 16.601076710579175
218.70324723029591 34.503196495888524
216.64210327969727 26.062104553943158
214.58095932909865 27.767862016607037
212.51981537849997 28.282640060237064
210.45867142790135 32.17223304860343
208.3975274773027 28.10582756852631
206.33638352670408 24.600872359249436
204.27523957610543 29.145953616688054
202.2140956255068 27.79596591259702
200.15295167490814 35.25653973334945
198.09180772430952 33.30289184229213
196.03066377371087 26.324247131012836
193.96951982311222 27.795736203739946
191.90837587251357 28.0839144395881
189.84723192191493 27.82847630350814
187.7860879713163 25.754255005995162
185.72494402071766 33.90009839995412
183.663800070119 32.01956347410639
181.60265611952036 31.79963309622962
179.54151216892174 30.50325160346323
177.4803682183231 29.76026939468087
175.41922426772447 29.294350590263193
173.3580803171258 33.87259066738168
171.29693636652718 34.24287664496177
169.23579241592853 33.493141652549866
167.1746484653299 34.64593702885769
165.11350451473126 30.075280151584046
163.0523605641326 31.79646651966538
160.99121661353396 28.99006836312994
158.93007266293534 35.04621845774971
156.8689287123367 31.819254081292197
154.80778476173805 25.22232225386487
152.7466408111394 30.786596388184424
150.68549686054075 29.4686084491419
148.62435290994213 34.2714747330492
146.56320895934348 35.46974869080313
144.50206500874484 31.863641859756616
142.4409210581462 29.347634516782914
140.37977710754757 28.25518155736432
138.31863315694892 35.57987249974632
136.2574892063503 36.346582294389535
134.19634525575162 33.96693977678511
132.135201305153 31.108094687259346
130.07405735455436 32.94981891323408
128.0129134039557 32.26106200095908
125.95176945335707 32.232190733095905
123.89062550275843 30.229196631730073
121.82948155215979 32.30090919343509
119.76833760156116 32.575500285663395
117.70719365096251 35.96788724188001
115.64604970036387 34.50435539111243
113.58490574976523 37.11524885128962
111.52376179916659 35.98186652576841
109.46261784856796 33.95836366696366
107.40147389796931 39.207852313333326
105.34032994737068 39.604917676447236
103.27918599677203 38.166837778069514
101.2180420461734 31.736272475328036
99.15689809557475 37.19724690898514
97.0957541449761 34.12125764297627
95.03461019437746 37.32986510082704
92.9734662437788 38.54096025119693
90.91232229318017 34.96401463863738
88.85117834258153 39.137174800029115
86.79003439198289 39.56161823522663
84.72889044138425 39.38692756500759
82.6677464907856 36.19919231024468
80.60660254018697 42.725522577452296
78.54545858958832 37.143931048257414
76.48431463898969 39.80631011373934
74.42317068839105 43.146589231592884
72.3620267377924 44.77882030618235
70.30088278719377 41.37963908336167
68.23973883659512 45.457172424040095
66.17859488599649 46.072747594520536
64.11745093539784 52.7454950112624
62.0563069847992 58.2235231212173
59.99516303420056 67.01188958776606
57.93401908360192 73.79077892788402
55.87287513300328 77.38429242789641
53.81173118240464 89.1023921727178
51.750587231806 95.21606882382738
49.68944328120736 96.04951152023638
47.62829933060872 94.66084255321176
45.56715538001008 95.68652473493623
43.50601142941143 89.55854690247645
41.44486747881279 90.65142104712304
39.383723528214155 91.71853533101044
37.322579577615514 89.35676236069494
35.26143562701687 92.26809836935647
33.20029167641823 76.98438898271249
31.13914772581959 83.81244102964617
29.07800377522095 94.28535317915336
27.01685982462231 93.68307594157737
24.955715874023667 92.58431043637835
22.89457192342503 90.80966916399028
20.83342797282639 87.91497859555027
18.772284022227748 85.37686656182207
16.711140071629107 82.10676244951831
14.649996121030467 86.85258797210324
12.588852170431826 87.032779744703
10.527708219833183 92.1548286364989
8.466564269234542 85.60130828437374
6.405420318635902 94.28045971244897
4.344276368037261 80.36130613473048
2.2831324174386203 67.65079871305547
0.22198846683997997 63.070837369810484
-1.839155483758661 49.0607758966843
-3.9002994343573016 42.38744232545497
-5.961443384955943 44.062175677133766
-8.022587335554583 40.387786176419255
-10.083731286153224 43.492848306573094
-12.144875236751865 37.40356380136602
-14.206019187350504 38.708162933777295
-16.267163137949144 37.64427115238887
-18.32830708854779 39.73330796758016
-20.389451039146426 40.71809132843358
-22.450594989745067 34.47377754811617
-24.511738940343708 33.685904394062334
-26.57288289094235 33.91780512730021
-28.634026841540994 34.680062425972146
-30.695170792139635 37.599386604794546
-32.756314742738276 37.67929593361922
-34.81745869333692 38.47789385199715
-36.87860264393556 37.65286128156838
-38.9397465945342 36.36545551100178
-41.00089054513284 33.7399977998637
-43.062034495731474 31.644082782345894
-45.123178446330115 40.316776464565024
-47.184322396928756 36.29247775457825
-49.2454663475274 40.00827698777302
-51.30661029812604 37.06164974148049
-53.36775424872469 37.34405271288884
-55.42889819932333 35.289466083104735
-57.49004214992196 34.981508485366824
-59.5511861005206 33.95838923951221
-61.612330051119244 35.67590713661595
-63.673474001717885 32.86315519909844
-65.73461795231653 36.504537090235964
-67.79576190291517 29.21168967451011
-69.85690585351381 38.2996735222497
-71.91804980411246 38.12831038213153
-73.97919375471109 36.64865757500216
-76.04033770530974 32.87995713144416
-78.10148165590837 33.01283780066505
-80.162625606507 35.060134025871136
-82.22376955710565 32.9160053093898
-84.28491350770429 32.73916087877537
-86.34605745830294 33.743088062082805
-88.40720140890157 35.06002535980165
-90.46834535950022 34.281586085148334
-92.52948931009885 31.747448778123342
-94.59063326069749 36.20100824419795
-96.65177721129614 29.346522300267626
-98.71292116189477 34.54435278229422
-100.77406511249342 34.59009005533261
-102.83520906309205 31.407018834435416
-104.8963530136907 31.122750757592563
-106.95749696428933 31.534774799369945
-109.01864091488798 34.369195325775166
-111.07978486548662 31.019402838194914
-113.14092881608525 32.340112154191424
-115.2020727666839 34.8869909616234
-117.26321671728253 33.26344206546565
-119.32436066788118 31.42473600492835
-121.38550461847981 30.43039282175855
-123.44664856907846 29.038241154657808
-125.5077925196771 28.99576827551605
-127.56893647027573 30.42888139296548
-129.63008042087438 28.29165650374086
-131.69122437147303 31.625628457283916
-133.75236832207165 28.03413112978605
-135.81351227267032 28.572975732995438
-137.87465622326894 27.13584327991498
-139.9358001738676 34.27761018416435
-141.9969441244662 33.241154132081256
-144.05808807506486 31.85824288885268
-146.1192320256635 28.769764212718332
-148.18037597626216 30.731164058237482
-150.24151992686078 29.42350896980359
-152.30266387745942 32.272388713862476
-154.36380782805804 27.707006603676934
-156.42495177865672 32.25727246943657
-158.48609572925537 34.17000425144191
-160.547239679854 25.930331944997267
-162.60838363045264 29.975355220841166
-164.66952758105128 31.89129177475403
-166.73067153164993 25.715976618171894
-168.79181548224855 30.74480005263389
-170.8529594328472 27.98405021878279
-172.91410338344582 28.04861082622614
-174.9752473340445 30.754741852564482
-177.03639128464312 29.45445445840424
-179.09753523524176 26.910216246711396
-181.15867918584038 26.447571964362687
-183.21982313643903 34.24340361683888
-185.28096708703768 28.26801435181326
-187.34211103763633 28.430299428118115
-189.40325498823495 33.30848872430716
-191.4643989388336 27.108683535694926
-193.52554288943224 28.486534617360824
-195.5866868400309 29.274605683134414
-197.64783079062954 27.070417893105255
-199.70897474122816 28.093429621069134
-201.7701186918268 27.768732255222936
-203.83126264242546 29.9158508860636
-205.8924065930241 25.159634252938513
-207.95355054362273 24.050933681756003
-210.01469449422137 27.75933836473575
-212.07583844482 28.02264243107679
-214.13698239541867 24.805052341046146
-216.1981263460173 27.732695212547462
-218.25927029661594 29.638516396464667
-220.32041424721456 24.009882712828464
-222.3815581978132 31.1811532646984
-224.44270214841185 30.285978386136325
-226.5038460990105 26.42672783510603
-228.56499004960912 24.737139472242355
-230.62613400020777 30.18331816980209
-232.68727795080642 23.768751481992183
-234.74842190140507 28.967791218780356
-236.80956585200371 28.561389182674667
-238.87070980260233 24.334896312784846
-240.93185375320098 30.898832099593587
-242.99299770379963 29.616225861284374
-245.05414165439828 29.052694958817593
-247.1152856049969 28.1291800709741
-249.17642955559555 28.15072281055073
-251.23757350619417 24.969279661359785
-253.29871745679284 30.014895915402573
-255.35986140739146 27.62970960401135
-257.4210053579901 28.6197059768771
-259.48214930858876 30.96185591962719
-261.5432932591874 32.19963798527652
-263.60443720978606 29.249577008936516
-265.66558116038465 26.28894682631883
-267.7267251109833 28.845228457468405
-269.78786906158194 31.82012014034776
-271.8490130121806 31.368047134698745
-273.91015696277924 28.811444584317055
-275.9713009133779 25.578468047734862
-278.03244486397654 32.61191766005996
-280.0935888145752 32.554074859775554
-282.1547327651738 31.08598259914783
-284.2158767157724 34.2319292515359
-286.27702066637113 27.816369445448206
-288.3381646169697 28.288162308495284
-290.39930856756837 34.76400558996944
-292.46045251816696 32.548307565464796
-294.52159646876567 27.004734591745912
-296.5827404193643 25.944189101764223
-298.6438843699629 27.072977975424962
-300.70502832056155 27.99302503154353
-302.7661722711602 26.31620261701808
-304.82731622175885 28.872529995209398
