# BEGINHEADER
# This file contains data from the SALSA 2m radio telescope.
# DATE=2023-04-11T13:51:0017
# GLON and GLAT given in degrees
# GLON=134.7973813708599
# GLAT=-0.18704003807319464
# DATA in two columns below. Col. 1 is velocity relative to LSR [km/s]. Col. 2 is uncalibrated antenna temperature [K].
# ENDHEADER
255.37188780196757 9.81371041259313
253.31074385136893 25.851635623313598
251.24959990077028 26.927196030299857
249.18845595017163 28.28473156113024
247.127311999573 26.16664808548198
245.06616804897436 25.879743095149536
243.0050240983757 22.794576177996696
240.94388014777707 24.19273304315591
238.88273619717845 25.086730993645485
236.8215922465798 25.678854323083733
234.76044829598115 26.874618086439778
232.6993043453825 24.92786718215813
230.63816039478385 28.431353055292224
228.57701644418523 25.94982275496759
226.51587249358658 28.627503815733213
224.45472854298797 22.771509915395537
222.3935845923893 28.03930185801394
220.33244064179067 25.712490391969034
218.27129669119202 20.87026123250361
216.2101527405934 23.934068907173938
214.14900878999475 25.492412872228968
212.0878648393961 26.43521099047191
210.02672088879746 27.53409369509916
207.96557693819884 29.00643252936254
205.9044329876002 30.725356821029443
203.84328903700154 23.82760493289751
201.7821450864029 28.434859025500476
199.72100113580427 28.555443007836097
197.65985718520562 27.54651159501058
195.59871323460698 31.39268825254122
193.53756928400833 26.46993388357418
191.47642533340968 27.655355846725367
189.41528138281106 30.10236000533733
187.3541374322124 28.39379120381816
185.2929934816138 30.624054652661005
183.23184953101511 28.710348864639084
181.1707055804165 28.627230608342558
179.10956162981785 36.467085658941194
177.04841767921923 27.895650948297003
174.98727372862055 31.97243243651939
172.92612977802193 35.064394750104235
170.86498582742328 31.54806340535002
168.80384187682466 30.85842727780159
166.74269792622601 27.627895105856325
164.68155397562737 28.080339053506744
162.62041002502872 30.163581358534888
160.5592660744301 34.12852375907448
158.49812212383145 36.05019162701332
156.4369781732328 34.946288665153645
154.37583422263415 30.92120851693801
152.3146902720355 36.45374754015554
150.2535463214369 32.646948961471914
148.19240237083824 35.28639998575113
146.1312584202396 32.798191951309896
144.07011446964094 31.976161436861293
142.00897051904232 34.19270477466712
139.94782656844367 36.44756575063955
137.88668261784505 36.33882676504439
135.82553866724638 35.06131541760305
133.76439471664776 37.35245423124194
131.7032507660491 37.13823095281834
129.6421068154505 35.827429338300306
127.58096286485183 30.087470299185977
125.5198189142532 36.19266325264839
123.45867496365454 34.80162476703682
121.39753101305591 36.91523323414508
119.33638706245726 35.43269877856891
117.27524311185863 36.33974171386789
115.21409916126 28.098036637185256
113.15295521066135 31.1844062309889
111.09181126006271 36.78319645472061
109.03066730946406 32.628978177952526
106.96952335886543 38.54124138794911
104.90837940826678 36.954373108626385
102.84723545766815 31.3063474970095
100.7860915070695 32.00785139035287
98.72494755647085 36.960813682597816
96.66380360587222 37.2615822502615
94.60265965527357 40.102712892806785
92.54151570467494 35.656640362141225
90.4803717540763 35.763396918536785
88.41922780347765 37.50799749035905
86.35808385287902 32.40904211210737
84.29693990228037 36.7195940458452
82.23579595168174 34.17628479441429
80.17465200108309 33.88057001109201
78.11350805048446 30.528530589064566
76.05236409988582 34.85963276536272
73.99122014928717 36.78623585745652
71.93007619868854 36.516107838173326
69.86893224808989 34.276076025587784
67.80778829749126 34.93987371399146
65.74664434689261 33.18963804526622
63.68550039629397 35.596064032387076
61.62435644569533 34.25498869217238
59.563212495096685 29.433188472959337
57.502068544498044 33.33234600879775
55.44092459389941 34.756031484219484
53.37978064330076 36.83632142413822
51.31863669270212 36.57079253070917
49.25749274210348 32.49068736353
47.19634879150484 34.59116117926793
45.1352048409062 35.516791081277766
43.07406089030756 37.33243037967254
41.01291693970892 31.73870737238535
38.95177298911028 33.483404938999776
36.89062903851164 37.796713385325354
34.829485087913 35.221909151054035
32.76834113731435 33.21104129169333
30.707197186715717 36.83712522082234
28.646053236117073 35.49745254155175
26.58490928551843 32.3962482877979
24.52376533491979 35.75574643413727
22.46262138432115 30.91287877701286
20.40147743372251 35.3775413454268
18.340333483123867 39.31886198698482
16.279189532525226 38.918051713046744
14.218045581926587 41.14923568966126
12.156901631327944 41.0270936191393
10.095757680729305 41.27639898809116
8.034613730130664 44.06878171622016
5.9734697795320235 60.14641628624447
3.912325828933383 66.32053856007556
1.851181878334742 78.51241036365366
-0.20996207226389907 90.81780498741426
-2.27110602286254 86.39468098915127
-4.33224997346118 92.82534882445117
-6.393393924059822 86.74183686148149
-8.454537874658463 82.72162535262451
-10.515681825257102 86.97537668189908
-12.576825775855745 81.76213552547766
-14.637969726454385 65.97701394684731
-16.699113677053024 68.4156784095193
-18.76025762765167 70.49605227997361
-20.82140157825031 66.07820377080297
-22.882545528848947 62.73682429466676
-24.943689479447585 60.889791370106735
-27.004833430046226 66.85976992413053
-29.06597738064487 66.361257305827
-31.127121331243508 69.62028420324364
-33.18826528184215 73.06614992854009
-35.24940923244079 77.22355791535573
-37.31055318303943 77.77927346182139
-39.37169713363807 79.40117888640104
-41.432841084236706 80.68782861844365
-43.493985034835354 82.1547297984445
-45.555128985433996 82.63591023360546
-47.61627293603264 81.0343818382923
-49.67741688663128 80.43453844065881
-51.73856083722992 80.88331197439229
-53.79970478782856 79.385219954409
-55.860848738427194 69.74208481705986
-57.921992689025835 70.95106191960255
-59.983136639624476 73.20508145706316
-62.04428059022312 58.77625214713643
-64.10542454082176 58.48441849055584
-66.1665684914204 51.63375836436061
-68.22771244201904 50.64561281712782
-70.28885639261769 48.14184426337936
-72.35000034321632 55.414949338564945
-74.41114429381497 52.245507516131305
-76.4722882444136 49.43558179078668
-78.53343219501224 51.279235370676645
-80.59457614561089 45.68440661696267
-82.65572009620952 45.10527778335077
-84.71686404680817 39.26825597776744
-86.7780079974068 35.844572596578956
-88.83915194800545 41.23774224106772
-90.90029589860409 36.83619903412269
-92.96143984920273 35.98930125985209
-95.02258379980138 36.504117202512845
-97.08372775040002 37.13646729657859
-99.14487170099866 38.23028771250264
-101.2060156515973 34.23403823310602
-103.26715960219593 34.04156198960085
-105.32830355279458 34.371441494394745
-107.38944750339321 29.51235163414088
-109.45059145399186 33.046973069082455
-111.5117354045905 32.0736061851215
-113.57287935518914 30.045481631287412
-115.63402330578778 26.661914528640363
-117.69516725638641 30.896265395659057
-119.75631120698506 27.19436227594779
-121.8174551575837 30.268429772292556
-123.87859910818234 29.150960252049938
-125.93974305878098 29.719363369456573
-128.00088700937962 26.355181142976843
-130.06203095997827 29.851905230566565
-132.1231749105769 28.8588228938215
-134.18431886117554 27.98115579220083
-136.2454628117742 28.193719551559944
-138.30660676237284 29.79265947094278
-140.36775071297146 25.15355262937327
-142.4288946635701 28.15475947855197
-144.49003861416872 28.763443751557627
-146.5511825647674 28.398167563553205
-148.61232651536602 28.06264753145998
-150.67347046596467 24.14012618363708
-152.73461441656332 29.046130220269234
-154.79575836716197 31.44545108237501
-156.8569023177606 26.51320799772141
-158.91804626835923 21.600105665548103
-160.97919021895788 25.622984238797486
-163.0403341695565 30.62744137684264
-165.10147812015518 27.53641640069776
-167.1626220707538 26.291326759809905
-169.22376602135245 27.32702684674778
-171.28490997195107 20.039616354150805
-173.34605392254971 27.009358432083978
-175.40719787314836 27.217340883935602
-177.468341823747 28.992626619581177
-179.52948577434563 22.865581425582874
-181.59062972494428 27.064554188007158
-183.65177367554293 32.1317958552091
-185.71291762614158 27.985309553300347
-187.7740615767402 27.634749181459973
-189.83520552733884 31.801254441728695
-191.8963494779375 28.407401429059277
-193.95749342853614 25.539772100206683
-196.0186373791348 27.332394541696516
-198.0797813297334 23.531739264081533
-200.14092528033206 24.7318231384951
-202.20206923093068 28.44744514456989
-204.26321318152935 25.17843269851328
-206.32435713212797 26.475154233485682
-208.38550108272662 26.93284055556263
-210.44664503332524 29.96659482407765
-212.50778898392392 25.80111287650709
-214.56893293452254 30.301176119919564
-216.63007688512118 25.42851984762069
-218.6912208357198 28.13286881961601
-220.75236478631845 29.272256166513166
-222.8135087369171 30.632639443035554
-224.87465268751575 27.208241314846944
-226.9357966381144 22.472144360552374
-228.99694058871302 28.601306730315024
-231.05808453931166 32.358111754207115
-233.1192284899103 29.516676796475732
-235.18037244050896 30.607196713073385
-237.24151639110758 26.193478771420917
-239.30266034170623 30.143876194573593
-241.36380429230485 31.187680107603622
-243.42494824290353 25.840858596311943
-245.48609219350215 29.813877523661464
-247.5472361441008 27.895114694244075
-249.6083800946994 25.384255728107284
-251.6695240452981 27.84395981625524
-253.7306679958967 29.09058680211803
-255.79181194649536 30.22911609184701
-257.852955897094 27.776856639843825
-259.9140998476926 30.45038863560753
-261.9752437982913 28.251928579496788
-264.0363877488899 27.79454361368165
-266.09753169948857 27.12730240539328
-268.1586756500872 28.052268607846493
-270.21981960068587 27.3067841024668
