# BEGINHEADER
# This file contains data from the SALSA 2m radio telescope.
# DATE=2023-04-11T13:59:0059
# GLON and GLAT given in degrees
# GLON=184.87021697711526
# GLAT=-0.3036395392355302
# DATA in two columns below. Col. 1 is velocity relative to LSR [km/s]. Col. 2 is uncalibrated antenna temperature [K].
# ENDHEADER
225.6665672169578 14.476151891903307
223.6054232663591 30.11875373012539
221.5442793157605 29.311915778242515
219.48313536516184 27.109294755828216
217.42199141456322 28.05789299142454
215.36084746396457 32.527205032811246
213.29970351336593 31.918397131791526
211.23855956276728 27.921582032905555
209.17741561216863 27.301978546046442
207.11627166157 29.55217348086695
205.05512771097136 25.3883722474374
202.9939837603727 28.299953451188667
200.93283980977407 25.965945014054977
198.87169585917545 28.954485001070964
196.8105519085768 34.1341654341005
194.74940795797815 35.81083978300594
192.6882640073795 30.1450839342742
190.62712005678088 32.32872033278051
188.56597610618223 27.72432273875268
186.5048321555836 29.661609257128998
184.44368820498494 26.21700433353789
182.38254425438632 30.447231999649834
180.32140030378767 32.665728587559926
178.26025635318905 32.43517286604255
176.1991124025904 28.315580536634556
174.13796845199175 27.886902806940302
172.0768245013931 31.564415901884168
170.01568055079446 34.19166795564577
167.95453660019584 33.09010348694197
165.89339264959716 32.7591621878857
163.83224869899854 30.150142320364406
161.7711047483999 36.46890967023765
159.70996079780127 27.969671313897766
157.64881684720262 30.622101749090525
155.58767289660398 29.992591931906762
153.52652894600533 28.06983416989743
151.4653849954067 28.26518443681098
149.40424104480806 27.175500726636383
147.34309709420944 27.40120702059537
145.28195314361076 32.18530391182938
143.22080919301214 33.239494710746676
141.1596652424135 28.62450765100561
139.09852129181488 35.54879226759927
137.03737734121623 29.565425099905795
134.97623339061755 31.755425134279424
132.91508944001893 31.464751148108537
130.85394548942028 32.460782330671854
128.79280153882164 37.88543257790543
126.73165758822302 35.02661338828468
124.67051363762437 35.826675634776365
122.60936968702573 31.673017438026335
120.5482257364271 35.74043794771738
118.48708178582845 36.753855888614105
116.42593783522982 36.4174915646555
114.36479388463115 35.55468382297783
112.30364993403252 35.18996183874804
110.24250598343387 34.51762682305197
108.18136203283524 32.97233982184281
106.1202180822366 35.47969812599283
104.05907413163796 35.22493918472842
101.99793018103932 33.63684437564566
99.93678623044067 31.165991112423566
97.87564227984205 31.15136188568077
95.8144983292434 32.82432114577757
93.75335437864477 36.0828207725738
91.69221042804612 34.07992558041807
89.63106647744749 35.94694611780399
87.56992252684886 35.943462972759164
85.50877857625021 36.2290660447336
83.44763462565157 40.887318444551134
81.38649067505293 37.297497588776814
79.32534672445429 30.79039343103271
77.26420277385564 33.21053333491408
75.203058823257 34.46372503357465
73.14191487265836 33.49241212163498
71.08077092205971 34.75367960321711
69.01962697146108 35.61412246680743
66.95848302086243 35.44605198740217
64.8973390702638 30.856208549807924
62.836195119665156 34.52725327262848
60.775051169066515 36.713684126423466
58.713907218467874 39.63690548277108
56.65276326786923 29.139602769993004
54.5916193172706 32.69356878988655
52.53047536667196 35.846973948862434
50.46933141607332 31.49394711758338
48.408187465474676 42.08898068448954
46.34704351487603 34.98254384688428
44.285899564277386 33.84138566259392
42.224755613678745 36.33708635348215
40.16361166308011 37.04828055893853
38.10246771248147 34.04291780303376
36.04132376188283 41.74343376270013
33.98017981128419 41.088199609515
31.919035860685543 34.90949562680009
29.857891910086906 38.973760262330856
27.796747959488265 40.49212879777645
25.735604008889624 41.47079334974422
23.674460058290983 43.36631372486402
21.613316107692338 52.25470376284154
19.552172157093697 54.35727131740817
17.49102820649506 62.14508469801325
15.429884255896418 75.90343073935702
13.368740305297775 88.53788236386326
11.307596354699138 109.65746051226044
9.246452404100495 117.07278461867178
7.185308453501856 140.97720784773603
5.124164502903215 142.21180035338116
3.063020552304573 141.25284939211195
1.0018766017059326 141.00486733255707
-1.0592673488927082 139.64861015289713
-3.120411299491349 123.29894636495348
-5.18155525008999 108.43573141228286
-7.24269920068863 89.61137557574116
-9.303843151287271 76.06795308956704
-11.364987101885912 75.4828579647045
-13.426131052484553 65.40107589373716
-15.487275003083194 57.99330239892061
-17.548418953681836 54.81731815516224
-19.609562904280477 51.85712395663114
-21.670706854879118 48.44391142273889
-23.731850805477755 47.802572201190465
-25.792994756076393 44.968242502458054
-27.854138706675037 39.33848902198407
-29.91528265727368 38.40501019318387
-31.976426607872316 35.87701388164612
-34.03757055847096 36.41467013121187
-36.0987145090696 34.3443680760343
-38.15985845966824 37.423522491215905
-40.221002410266884 35.36890295878796
-42.28214636086552 34.292838405157994
-44.34329031146416 41.62470585106229
-46.4044342620628 36.337463732500595
-48.46557821266144 34.54394688495774
-50.52672216326009 37.492018559119366
-52.58786611385873 35.37036057809803
-54.64901006445737 37.344363276116525
-56.710154015056006 38.68571559226021
-58.77129796565465 38.752690025328526
-60.83244191625329 39.282358296149326
-62.89358586685193 35.236964047052425
-64.95472981745057 32.92479605234266
-67.0158737680492 31.815744259337443
-69.07701771864785 38.95120355292929
-71.13816166924649 39.56787878964273
-73.19930561984513 33.28478155161358
-75.26044957044377 34.97537435617392
-77.3215935210424 32.559561032294106
-79.38273747164106 31.872335253363744
-81.4438814222397 33.17125542222976
-83.50502537283835 32.37063436647796
-85.56616932343698 33.06627339938953
-87.62731327403563 30.05259609673809
-89.68845722463426 33.89194972490212
-91.7496011752329 31.555112694533836
-93.81074512583155 36.08440269378627
-95.87188907643018 34.48248114552317
-97.93303302702883 29.427264605095463
-99.99417697762748 32.746153125661195
-102.05532092822611 27.835551074383336
-104.11646487882476 33.42978251576885
-106.17760882942339 31.099570841430307
-108.23875278002204 28.475417050611235
-110.29989673062067 29.027586804794076
-112.36104068121931 29.789362577570433
-114.42218463181796 29.16056286209766
-116.48332858241659 32.05968243549818
-118.54447253301525 33.68746968237994
-120.60561648361389 26.86821232247673
-122.66676043421253 29.745464780883555
-124.72790438481117 27.175012613287503
-126.7890483354098 31.739306544086702
-128.85019228600845 36.44120021287999
-130.91133623660707 29.483639481271485
-132.97248018720572 26.658123619228945
-135.03362413780437 30.662857245811523
-137.09476808840301 27.954741557138608
-139.15591203900166 28.731181411530823
-141.21705598960028 27.436066029823674
-143.27819994019893 27.511506738047483
-145.33934389079758 30.1673808508639
-147.40048784139623 32.36724300995731
-149.46163179199485 27.024606403029225
-151.5227757425935 27.963642770033587
-153.58391969319212 28.448184189947234
-155.6450636437908 25.201287322747163
-157.7062075943894 28.56629409570254
-159.76735154498806 25.354502577550313
-161.82849549558668 25.705207825246763
-163.88963944618536 25.683030923588984
-165.95078339678398 26.856019181191822
-168.01192734738262 24.584415608505378
-170.07307129798124 28.609952669813474
-172.1342152485799 24.928001983096866
-174.19535919917854 25.489326811576177
-176.2565031497772 30.074403860953755
-178.31764710037584 26.77621921301321
-180.37879105097446 31.132460815917124
-182.4399350015731 27.794109522164103
-184.50107895217175 29.728636731680737
-186.5622229027704 24.824727104789194
-188.62336685336902 27.960597362785453
-190.68451080396767 29.923389965915625
-192.74565475456632 30.741999965703798
-194.80679870516497 27.07407768957331
-196.86794265576358 30.07460824038873
-198.92908660636223 28.31976690597907
-200.99023055696085 27.191637805752876
-203.05137450755953 27.540926189794348
-205.11251845815815 24.22852663765845
-207.1736624087568 25.910150441435245
-209.23480635935542 24.898475795443506
-211.29595030995407 25.979364242126156
-213.35709426055274 25.51067886507912
-215.41823821115136 25.640274219533328
-217.47938216175 29.927007429755484
-219.54052611234863 25.34381720782482
-221.6016700629473 31.091553140826047
-223.66281401354593 26.405154051361915
-225.72395796414457 23.111116161203963
-227.7851019147432 24.94370037312638
-229.84624586534184 28.14810702930154
-231.9073898159405 26.10330377334771
-233.96853376653914 25.05353978303297
-236.02967771713776 23.244798610791964
-238.0908216677364 24.417829262149375
-240.15196561833503 23.722536131034037
-242.2131095689337 31.290865779280228
-244.27425351953232 29.13557484376284
-246.33539747013097 25.891664153852506
-248.3965414207296 22.662656178780193
-250.45768537132824 27.43643825339162
-252.51882932192692 27.556599516392048
-254.57997327252554 25.103608555015576
-256.6411172231242 29.814265637664768
-258.70226117372283 25.41554849957933
-260.7634051243215 27.55247086185199
-262.82454907492007 26.629185916713112
-264.8856930255187 25.226326880230825
-266.9468369761174 29.437433499192256
-269.007980926716 26.865311235861256
-271.06912487731466 31.292973397922726
-273.13026882791326 25.385792059832607
-275.19141277851196 30.20183421867998
-277.2525567291106 27.91104099430327
-279.3137006797092 30.594073012480557
-281.37484463030785 31.568298438932455
-283.4359885809065 30.095873105796347
-285.49713253150514 29.267092656111508
-287.5582764821038 27.132872801913184
-289.6194204327024 23.534858259700943
-291.6805643833011 27.33935132283134
-293.7417083338997 27.773837224547762
-295.80285228449833 32.935705763973054
-297.86399623509703 28.387152500606238
-299.9251401856956 29.021561227886906
