# BEGINHEADER
# This file contains data from the SALSA 2m radio telescope.
# DATE=2023-04-11T13:44:0024
# GLON and GLAT given in degrees
# GLON=89.84292267123615
# GLAT=0.017500502217166612
# DATA in two columns below. Col. 1 is velocity relative to LSR [km/s]. Col. 2 is uncalibrated antenna temperature [K].
# ENDHEADER
288.75887814556336 13.851627357648352
286.69773419496477 30.345882140687884
284.6365902443661 25.154152082425558
282.5754462937674 29.746938784507353
280.5143023431688 25.704169816454314
278.4531583925702 27.13018161361888
276.3920144419715 28.72506065429713
274.3308704913729 27.91936899394971
272.26972654077423 30.74267635966428
270.20858259017564 30.20629725149813
268.14743863957693 28.369715475085712
266.0862946889783 27.545594978995318
264.0251507383797 32.4399429056482
261.96400678778105 27.80419303543015
259.9028628371824 28.171297580858393
257.84171888658375 27.670261922075756
255.78057493598513 28.970603009098948
253.71943098538648 25.60501155535107
251.65828703478783 30.460144199298067
249.59714308418918 29.54294278775092
247.53599913359056 25.41118284665476
245.47485518299192 28.707594087483344
243.4137112323933 29.61171600927821
241.35256728179462 28.624072207642207
239.291423331196 32.2281302079603
237.23027938059735 34.14219662370139
235.16913542999873 33.31949853305385
233.10799147940008 34.348049121662974
231.0468475288014 29.726463108394327
228.9857035782028 30.35645934319449
226.92455962760414 30.757934467913145
224.86341567700552 31.395071209294795
222.80227172640684 31.726215337884728
220.74112777580822 28.672840842831036
218.67998382520958 32.489993086985564
216.61883987461096 29.720729889384927
214.5576959240123 32.276954622779904
212.49655197341366 33.906063416782615
210.435408022815 31.17144375052776
208.3742640722164 30.76968724631162
206.31312012161774 34.2436078596044
204.25197617101912 35.991879979912675
202.19083222042045 33.0679659011368
200.12968826982183 31.02676744660767
198.06854431922315 31.033002797454706
196.00740036862453 32.9190151179771
193.94625641802588 36.219718097379626
191.8851124674272 32.12595018179172
189.8239685168286 36.90372600726604
187.76282456622994 29.462563764123942
185.70168061563132 30.99429234351875
183.64053666503267 32.17259387550164
181.57939271443402 32.22702476042424
179.51824876383537 36.47393884507668
177.45710481323675 31.52485078472627
175.3959608626381 32.7887304546237
173.33481691203949 30.87849712233474
171.2736729614408 29.097947648621588
169.2125290108422 37.65263191204618
167.15138506024354 32.29379729839684
165.09024110964492 32.625086103394636
163.02909715904627 35.79957080143054
160.96795320844763 36.804804465170534
158.90680925784898 37.33825900582264
156.84566530725033 38.74925254849942
154.7845213566517 33.90671814407552
152.72337740605303 32.89793620851423
150.6622334554544 30.6149497253103
148.60108950485576 38.58971168907663
146.53994555425714 37.39677540498177
144.4788016036585 34.160838517708626
142.41765765305985 34.23966530146046
140.3565137024612 34.99465497195765
138.29536975186258 38.34570928169127
136.23422580126393 32.46159123431604
134.1730818506653 39.566448433946604
132.11193790006664 36.863258991802425
130.05079394946802 33.14568370843214
127.98964999886937 34.623967124018755
125.92850604827072 38.5671962372347
123.86736209767209 34.64456882647212
121.80621814707345 40.13844874839407
119.7450741964748 35.60223267862376
117.68393024587617 35.69916248051483
115.62278629527752 38.1670903691926
113.56164234467889 36.0471238658386
111.50049839408024 34.246459779318336
109.4393544434816 35.95379659887398
107.37821049288297 32.68245816964863
105.31706654228432 30.59400776458155
103.25592259168569 32.09933349943557
101.19477864108704 32.765793748691145
99.1336346904884 36.51602152460307
97.07249073988976 35.55784757386822
95.01134678929112 41.550630956104975
92.95020283869248 33.0050265343911
90.88905888809384 37.71294214741304
88.8279149374952 36.525671574424315
86.76677098689656 38.285449733689845
84.70562703629793 39.013413453517266
82.64448308569928 35.874122920667034
80.58333913510064 38.23417444277315
78.522195184502 36.78958027255446
76.46105123390336 36.922032623679456
74.39990728330473 35.80553153582878
72.33876333270608 38.52754672830646
70.27761938210745 36.18601582569844
68.2164754315088 40.91441893166625
66.15533148091016 37.15095460742662
64.09418753031152 34.308106879481755
62.033043579712874 37.9862850037606
59.97189962911423 38.80266537530912
57.91075567851559 36.89936624253146
55.84961172791695 37.40439157607192
53.78846777731831 39.804613800431426
51.727323826719676 35.405200507684285
49.66617987612103 37.687393654437
47.60503592552239 38.73907728137719
45.543891974923746 33.60751129905477
43.482748024325105 36.0579964555792
41.42160407372646 37.54515292320651
39.36046012312783 37.05437198519798
37.29931617252919 35.526245171114425
35.23817222193055 33.402851667781746
33.177028271331906 34.56001109969507
31.11588432073326 37.57090503521058
29.054740370134624 37.41560234416169
26.993596419535983 31.62485565524982
24.93245246893734 34.517233514032185
22.871308518338697 33.60515701797398
20.81016456774006 35.42080712366959
18.74902061714142 42.24515896655793
16.687876666542778 36.198278178600134
14.626732715944136 46.901114127320746
12.565588765345495 55.73704815305227
10.504444814746854 67.77121660099068
8.443300864148211 86.1586220704369
6.382156913549572 106.46367640692843
4.321012962950932 115.86866130403541
2.259869012352291 113.47446284205894
0.19872506175365 107.01093943948014
-1.8624188888449908 103.01276631193252
-3.9235628394436315 101.81313275113219
-5.984706790042272 97.96307348570181
-8.045850740640914 98.61848072954623
-10.106994691239553 94.88467256585285
-12.168138641838196 90.98406447915804
-14.229282592436833 83.06606350705948
-16.290426543035476 79.6462723038988
-18.351570493634117 77.11408881022064
-20.412714444232755 69.06429735451856
-22.473858394831396 62.60369202777926
-24.53500234543004 59.22955178431922
-26.596146296028678 54.03287325662498
-28.65729024662732 56.54172596199301
-30.71843419722596 53.20552959513494
-32.7795781478246 60.628232021736295
-34.84072209842324 61.495585105058915
-36.90186604902188 57.726629828683464
-38.963009999620525 57.71830801763508
-41.024153950219166 59.32679982138001
-43.0852979008178 60.551922882162245
-45.14644185141644 66.40942348309481
-47.20758580201509 62.55983566129457
-49.26872975261373 60.92496820893611
-51.32987370321237 65.29941252983116
-53.39101765381101 60.95117608888009
-55.45216160440965 59.28942981704586
-57.51330555500829 58.275629376508
-59.57444950560693 55.56109696528856
-61.63559345620557 59.93987715967133
-63.69673740680421 53.513941955519726
-65.75788135740285 59.23874512781069
-67.8190253080015 62.11791958066143
-69.88016925860013 62.18932049079552
-71.94131320919878 63.95857262886057
-74.00245715979742 65.62890361308072
-76.06360111039606 67.20358326072991
-78.1247450609947 67.45782943760723
-80.18588901159333 67.00639891870989
-82.24703296219198 56.88955407134885
-84.30817691279061 57.892058447756796
-86.36932086338926 55.62029709608095
-88.4304648139879 58.44025034409169
-90.49160876458654 47.199012636376835
-92.55275271518518 49.42934587806758
-94.61389666578381 57.6817150027242
-96.67504061638247 49.97606783912051
-98.73618456698111 46.054611641194825
-100.79732851757976 40.46864116265245
-102.8584724681784 43.14912832667298
-104.91961641877704 40.037051061571304
-106.98076036937569 35.00383874290022
-109.04190431997432 36.513299544745486
-111.10304827057297 33.72659478676936
-113.1641922211716 31.249904779964425
-115.22533617177024 34.974868526788995
-117.28648012236889 28.685377150083962
-119.34762407296752 24.759666961655324
-121.40876802356617 31.013618148781436
-123.4699119741648 28.270588283029984
-125.53105592476345 29.2470205513253
-127.59219987536208 31.52969887808927
-129.65334382596072 29.785702225332233
-131.71448777655937 29.908665722016156
-133.77563172715801 30.918190197162644
-135.83677567775663 33.56607569707276
-137.8979196283553 26.230105374241997
-139.95906357895393 27.090069598566668
-142.02020752955258 24.64891052008018
-144.0813514801512 29.03213406714197
-146.14249543074985 34.95918829788752
-148.2036393813485 31.493771226627906
-150.26478333194714 29.045123405414746
-152.32592728254576 23.019067444979253
-154.3870712331444 26.579654296129345
-156.44821518374306 27.766294003006443
-158.5093591343417 23.38911537779648
-160.57050308494036 28.246729611297443
-162.63164703553898 26.57781892707693
-164.69279098613762 22.952585380971758
-166.75393493673627 29.608724728208713
-168.81507888733492 30.127912486225974
-170.87622283793354 28.34878502605574
-172.9373667885322 27.580353666274352
-174.9985107391308 25.78283461354517
-177.05965468972948 28.309266361591096
-179.1207986403281 30.326273565659545
-181.18194259092675 28.42241269180729
-183.24308654152537 28.31116626631096
-185.30423049212402 23.418216581965087
-187.36537444272267 28.77096434688359
-189.42651839332132 28.247244015255674
-191.48766234391996 27.99140887510405
-193.54880629451858 27.741541660511512
-195.60995024511723 26.63267419297124
-197.67109419571588 30.585974365302043
-199.7322381463145 27.054508128938593
-201.79338209691312 28.008016599357422
-203.8545260475118 32.38274226582956
-205.91566999811042 26.542486537790545
-207.97681394870907 26.5542026356246
-210.03795789930768 21.163707285043095
-212.09910184990633 25.275403830773918
-214.16024580050498 27.93944916920587
-216.22138975110363 28.696421324162607
-218.28253370170225 31.125190452811758
-220.3436776523009 27.570977946544392
-222.40482160289955 26.08688297276295
-224.4659655534982 29.465228838260067
-226.5271095040968 24.68014410352157
-228.58825345469546 28.559131716556674
-230.64939740529408 28.332173035029495
-232.71054135589276 29.620664733398343
-234.7716853064914 21.737983227452343
-236.83282925709003 32.654924220990125
