# BEGINHEADER
# This file contains data from the SALSA 2m radio telescope.
# DATE=2023-04-11T13:58:0019
# GLON and GLAT given in degrees
# GLON=169.8084561802125
# GLAT=-0.2701322551727084
# DATA in two columns below. Col. 1 is velocity relative to LSR [km/s]. Col. 2 is uncalibrated antenna temperature [K].
# ENDHEADER
232.30595506789115 16.091901067705948
230.2448111172925 32.46862164668178
228.18366716669388 24.500716771174996
226.12252321609523 30.129482690408977
224.06137926549658 23.223955348009216
222.00023531489794 26.94908220527785
219.9390913642993 27.38171621144428
217.87794741370067 26.389970893226646
215.81680346310202 28.569446599796862
213.75565951250337 28.295300775008375
211.69451556190472 27.389926136324505
209.6333716113061 28.05592222017908
207.57222766070745 24.783480997428786
205.5110837101088 29.072217960793584
203.44993975951016 28.513598513759096
201.38879580891154 31.121084703606748
199.3276518583129 29.99858259849358
197.26650790771427 31.039647454493394
195.2053639571156 30.3405422326935
193.14422000651697 30.264671674444124
191.08307605591833 26.44489663730498
189.0219321053197 28.24102635954591
186.96078815472106 31.220510068652263
184.8996442041224 31.46017691167737
182.83850025352376 29.429484326092613
180.7773563029251 28.69873850245448
178.7162123523265 27.22969753578605
176.65506840172782 28.783429267056462
174.5939244511292 29.054026704800787
172.53278050053055 31.208098925509073
170.47163654993193 30.75841917227902
168.41049259933328 34.82608926603826
166.34934864873463 31.609859724386766
164.28820469813598 29.97479303841119
162.22706074753737 28.969384429024828
160.16591679693872 33.59051425299707
158.1047728463401 33.549451056967285
156.04362889574142 30.60838238720506
153.9824849451428 29.296059191709475
151.92134099454415 31.46786625195931
149.86019704394553 34.21358833377519
147.79905309334686 23.785286635707983
145.73790914274824 31.97651460093923
143.6767651921496 31.40617548363301
141.61562124155094 29.579147242575925
139.55447729095232 37.688379870401825
137.49333334035364 27.360302152107096
135.43218938975502 32.38727420599803
133.37104543915638 31.4740370606167
131.30990148855776 32.00174878081445
129.2487575379591 34.19930666975265
127.18761358736047 33.69662614671125
125.12646963676183 36.480718825740105
123.06532568616318 36.07670729871571
121.00418173556453 33.691422572688
118.9430377849659 34.006910760347225
116.88189383436726 31.978771209625936
114.82074988376861 31.10074419573824
112.75960593316998 34.14816366772856
110.69846198257133 30.538523689560424
108.6373180319727 30.628467623935588
106.57617408137405 33.80018558866439
104.51503013077541 34.38082201723258
102.45388618017678 31.631746446089284
100.39274222957813 37.593718873756096
98.33159827897948 34.98570592028139
96.27045432838085 37.58773452018224
94.2093103777822 38.56933686730652
92.14816642718357 31.44782303798496
90.08702247658492 31.475555305161887
88.02587852598629 36.4814856084244
85.96473457538762 35.487568784887934
83.90359062478899 33.9385326289447
81.84244667419036 31.98510683089795
79.78130272359171 36.90620564407231
77.72015877299307 34.58614947730427
75.65901482239443 36.484961890159816
73.59787087179579 33.25343688978715
71.53672692119714 33.75518640378094
69.47558297059851 40.13046082837438
67.41443901999988 33.85046643509575
65.35329506940123 35.99956660806922
63.29215111880259 37.55027333930893
61.23100716820395 33.44586637556252
59.16986321760531 35.778072507742394
57.10871926700667 36.264304142764075
55.04757531640802 39.61695985691233
52.98643136580938 34.22916577293998
50.92528741521074 32.59441729076707
48.864143464612106 35.35307223261825
46.802999514013464 35.42618774649173
44.74185556341482 36.2995831617489
42.68071161281618 40.03890639120044
40.61956766221754 33.57418848139617
38.5584237116189 30.643467385301513
36.49727976102025 37.12541614617594
34.43613581042162 33.02328669494866
32.37499185982298 35.350194363662546
30.313847909224336 39.05416646999547
28.252703958625695 41.77575697175161
26.191560008027054 36.161016524385026
24.130416057428416 36.35309683298722
22.06927210682977 37.50446553059361
20.00812815623113 37.79739902270574
17.946984205632493 40.02785638151146
15.88584025503385 41.887537641422306
13.824696304435209 45.939205580731645
11.763552353836571 52.76208785300138
9.702408403237929 58.808141381115476
7.641264452639289 77.16533943271953
5.580120502040647 90.64209036929843
3.5189765514420066 106.0111932375779
1.4578326008433657 106.83304465435317
-0.6033113497552748 111.57721184056396
-2.6644553003539158 115.47385520760052
-4.725599250952557 118.95493755350579
-6.786743201551197 124.7055778538952
-8.847887152149838 126.56847424941508
-10.909031102748479 122.67482274832612
-12.97017505334712 125.3109735382415
-15.031319003945761 111.23457688463792
-17.092462954544402 108.29830541497594
-19.153606905143043 101.055075888909
-21.214750855741684 101.87356230419877
-23.27589480634032 84.50226726672521
-25.337038756938966 70.25451658507511
-27.398182707537607 69.22385732031165
-29.45932665813625 63.27510120822945
-31.520470608734886 57.774018059497116
-33.581614559333524 56.71560074027623
-35.642758509932165 44.79491496143889
-37.703902460530806 46.64262291512286
-39.765046411129454 43.8577842622685
-41.826190361728095 45.68943534449087
-43.887334312326736 42.851141669168484
-45.94847826292538 41.362014056231054
-48.00962221352401 40.15030277950649
-50.07076616412265 40.680512412102
-52.13191011472129 36.19373921957326
-54.193054065319934 39.220610882836475
-56.254198015918575 38.84159006381132
-58.31534196651722 35.714647235468675
-60.376485917115865 37.43266628849892
-62.4376298677145 36.75905287667817
-64.49877381831314 35.01303791706771
-66.55991776891177 31.5837972805878
-68.62106171951041 33.67334418242014
-70.68220567010907 31.85195158016931
-72.7433496207077 33.64861081821895
-74.80449357130635 29.853693933554318
-76.86563752190499 28.348975583556356
-78.92678147250363 31.87922980939701
-80.98792542310227 30.790407313726497
-83.0490693737009 30.90149600131074
-85.11021332429955 32.23699420392547
-87.17135727489818 25.91587866344588
-89.23250122549683 29.721322690126176
-91.29364517609547 29.91113035960363
-93.35478912669411 30.7152372675108
-95.41593307729275 31.396222635608073
-97.47707702789138 29.209049094059772
-99.53822097849002 27.44563911339665
-101.59936492908867 28.057655134661356
-103.6605088796873 30.218218041823118
-105.72165283028593 27.354801547176223
-107.78279678088458 26.990880155316287
-109.84394073148323 31.98889967174108
-111.90508468208188 32.548702140189775
-113.96622863268051 29.16577639091836
-116.02737258327915 27.614070663379092
-118.0885165338778 31.081732715486666
-120.14966048447643 35.682881394204074
-122.21080443507508 28.10139862018502
-124.27194838567371 28.561080364764333
-126.33309233627236 30.255753345731012
-128.394236286871 30.200103502295015
-130.45538023746963 24.871750146279314
-132.51652418806827 28.919840285429103
-134.57766813866692 28.271061068600815
-136.63881208926557 28.72174200999163
-138.6999560398642 29.977760357224003
-140.76109999046284 27.2696871317421
-142.8222439410615 29.22422277255692
-144.88338789166013 23.13492987766906
-146.94453184225875 26.730043977062216
-149.0056757928574 29.199055971694047
-151.06681974345602 29.440113855604405
-153.1279636940547 24.054892816529716
-155.18910764465332 30.31312785037471
-157.25025159525197 30.931571189102932
-159.3113955458506 28.185722443075157
-161.37253949644924 25.813889841412916
-163.43368344704788 27.535057473052692
-165.49482739764653 27.57563786054734
-167.55597134824518 25.391376366337827
-169.6171152988438 24.51572164201651
-171.67825924944245 31.102122319234727
-173.7394032000411 26.22167813291181
-175.80054715063974 26.9324667736642
-177.86169110123836 24.84535104391274
-179.922835051837 24.94406571306788
-181.98397900243566 29.18333159663693
-184.0451229530343 30.06637862168279
-186.10626690363293 25.61873675223646
-188.16741085423158 22.809397064068982
-190.2285548048302 25.849144753669478
-192.28969875542887 24.638526966796643
-194.3508427060275 26.228503526097484
-196.41198665662614 28.16172743278423
-198.47313060722476 26.31716667618481
-200.5342745578234 27.709291400701197
-202.59541850842206 29.396810333182717
-204.6565624590207 31.52524867457951
-206.71770640961935 30.60082596337786
-208.77885036021797 25.85241705498581
-210.83999431081665 27.47522557986249
-212.90113826141527 27.975480344584494
-214.96228221201392 30.472089932026506
-217.02342616261254 31.446205605966643
-219.08457011321119 26.04771634251729
-221.14571406380983 28.072579963785188
-223.20685801440848 23.53219339638445
-225.2680019650071 24.288125298002512
-227.32914591560575 26.329258411522265
-229.39028986620437 27.32909027358308
-231.45143381680305 24.655216900828822
-233.51257776740167 30.51938844170137
-235.57372171800031 26.904924236876926
-237.63486566859893 27.166872853441017
-239.6960096191976 29.941707825320155
-241.75715356979623 24.384036307949902
-243.81829752039488 23.98447865515561
-245.87944147099353 23.31805476495077
-247.94058542159215 30.816470093575873
-250.00172937219082 25.900041742550822
-252.06287332278944 28.936250723053472
-254.1240172733881 28.16513639592157
-256.1851612239867 27.48898961366861
-258.24630517458536 29.098595049613355
-260.307449125184 24.575777683616803
-262.36859307578266 24.14424132966499
-264.4297370263813 28.797532882269966
-266.4908809769799 24.75919321807651
-268.5520249275786 31.18557484086845
-270.6131688781772 27.36094248445609
-272.67431282877584 27.219843879140463
-274.7354567793745 29.619881311477844
-276.79660072997314 28.045327502645613
-278.8577446805718 30.570568491215806
-280.9188886311704 28.095061552599848
-282.9800325817691 25.59095535797954
-285.04117653236773 26.242302183832958
-287.1023204829663 30.388651233278512
-289.16346443356497 30.615562458262612
-291.2246083841636 26.534685069104228
-293.28575233476226 33.437718613668785
