# BEGINHEADER
# This file contains data from the SALSA 2m radio telescope.
# DATE=2023-04-11T13:40:0029
# GLON and GLAT given in degrees
# GLON=64.8010272859894
# GLAT=0.11676624005829851
# DATA in two columns below. Col. 1 is velocity relative to LSR [km/s]. Col. 2 is uncalibrated antenna temperature [K].
# ENDHEADER
302.37810436994664 12.804513857009363
300.316960419348 26.945784135698023
298.2558164687494 22.24096657326717
296.1946725181507 24.30154031886631
294.13352856755205 23.073197551642867
292.07238461695346 23.899873247436776
290.01124066635475 21.34629066833198
287.95009671575616 23.808014256347008
285.8889527651575 25.578722476145813
283.82780881455886 26.720709146196874
281.7666648639602 24.014141044621013
279.70552091336157 27.58258530193453
277.644376962763 27.766145623605688
275.5832330121643 20.379111413665996
273.5220890615656 23.851237978881883
271.46094511096703 24.31940186977626
269.3998011603684 25.9709519309901
267.3386572097698 24.866635553811104
265.2775132591711 27.407141480808125
263.21636930857244 27.977423008364376
261.15522535797385 26.107204254542374
259.0940814073752 32.374430524539115
257.03293745677655 28.5461374039242
254.9717935061779 29.739089105466764
252.91064955557928 28.603645532966993
250.8495056049806 27.430337113691802
248.78836165438196 29.64963048606904
246.72721770378334 27.226666953537986
244.6660737531847 26.964085899409124
242.60492980258607 25.168436023926873
240.5437858519874 25.674011892172718
238.48264190138877 27.49717632094553
236.42149795079013 29.086553343099524
234.3603540001915 29.963064014458173
232.29921004959286 26.29893331364342
230.2380660989942 27.953498120870623
228.17692214839556 27.532439404275358
226.11577819779694 31.099017029278304
224.0546342471983 29.10953068938163
221.99349029659965 30.295670700424946
219.932346346001 29.053949306129432
217.87120239540238 24.519638292428716
215.81005844480373 34.24110428964948
213.7489144942051 33.181897773569965
211.68777054360643 26.647495751330286
209.62662659300779 29.822355324900773
207.56548264240917 34.72880245602198
205.50433869181052 31.419232456495497
203.4431947412119 27.719193050609224
201.38205079061322 35.26547465233565
199.3209068400146 30.96835069053895
197.25976288941595 27.13250527298311
195.19861893881733 26.93901348912631
193.13747498821866 30.644339408200587
191.07633103762004 31.19638701892645
189.0151870870214 30.556607159095055
186.95404313642277 29.978511326182016
184.89289918582412 32.162352394878106
182.83175523522547 32.03545383763239
180.77061128462682 31.33010635712098
178.7094673340282 30.216853837842187
176.64832338342956 29.91176822502073
174.58717943283094 30.489719398447374
172.52603548223226 30.27631143745066
170.4648915316336 33.60526406296891
168.403747581035 30.840297105766783
166.34260363043634 28.097068997265186
164.28145967983772 34.2985598453983
162.22031572923905 31.40272484435027
160.15917177864043 36.93813436696253
158.09802782804178 31.301237245872773
156.03688387744316 34.29425567301494
153.97573992684448 30.804587784873
151.91459597624586 29.073232406986474
149.85345202564721 34.44199861080753
147.7923080750486 36.79475743375797
145.73116412444995 37.77202435434035
143.6700201738513 35.654641585218044
141.60887622325265 32.2906823241757
139.54773227265403 33.26665019919753
137.48658832205538 32.31768643163351
135.42544437145676 30.136715018231715
133.3643004208581 29.846339092573544
131.30315647025944 32.901906130366136
129.24201251966082 29.596336300643486
127.18086856906217 36.06722368418794
125.11972461846354 32.79636455161408
123.0585806678649 29.74664919069157
120.99743671726625 36.23797677155559
118.93629276666762 31.628969067755985
116.87514881606897 29.69697841420094
114.81400486547032 36.200175297257175
112.75286091487168 35.35334084773509
110.69171696427304 28.6864129494977
108.63057301367441 30.03052919009548
106.56942906307576 33.916338866538965
104.50828511247713 31.1382178766175
102.44714116187848 31.98506606608609
100.38599721127984 35.74455365265751
98.32485326068121 35.42596317240264
96.26370931008258 28.85369454402189
94.20256535948393 31.892013201510277
92.1414214088853 38.031814877998734
90.08027745828664 35.346695444793596
88.01913350768801 30.41960744441765
85.95798955708938 34.48247783603022
83.89684560649073 34.39702578908004
81.8357016558921 34.645982033452185
79.77455770529345 33.49619862735858
77.71341375469481 33.247407579554356
75.65226980409615 31.219507661025286
73.59112585349752 31.691654735792017
71.52998190289888 35.77653860372511
69.46883795230023 35.93648311075533
67.4076940017016 33.786405397517704
65.34655005110297 31.716734010228006
63.28540610050432 34.19024929191968
61.22426214990568 33.33212990549958
59.163118199307036 30.339108887281196
57.101974248708395 30.576639245848614
55.04083029810975 32.793793225143624
52.97968634751112 34.32671616747708
50.91854239691248 35.7548251191955
48.85739844631384 34.53224136449377
46.79625449571519 37.004996924655515
44.73511054511655 33.388927154723724
42.67396659451791 38.20389909751754
40.612822643919266 38.40367183464744
38.55167869332063 35.37548433761279
36.49053474272199 42.49817787392662
34.42939079212335 41.04643082221941
32.36824684152471 49.138593379007325
30.307102890926064 52.5218820238442
28.245958940327426 59.271549854607876
26.184814989728785 61.84496938735854
24.123671039130144 65.15987289392342
22.062527088531503 76.07827189975565
20.001383137932862 82.66195492177923
17.94023918733422 83.88125584205444
15.87909523673558 86.51368783105842
13.81795128613694 90.74837468015633
11.7568073355383 93.29419249038042
9.695663384939657 95.37815867060277
7.6345194343410165 96.95990643325278
5.5733754837423755 89.83420689979026
3.512231533143735 82.61400888289418
1.4510875825450942 75.61407533862793
-0.6100563680535467 71.01704712857969
-2.6712003186521875 63.22193334680147
-4.732344269250828 59.044479502735776
-6.793488219849469 54.710546738653434
-8.85463217044811 53.50082254121129
-10.91577612104675 50.05703657573362
-12.976920071645392 47.137897666135984
-15.038064022244031 45.943065455201186
-17.099207972842674 40.80027972211825
-19.16035192344131 43.03077952651666
-21.221495874039952 42.133686830712236
-23.282639824638593 35.676774181208
-25.343783775237235 37.73928706294688
-27.404927725835876 40.585468549382036
-29.466071676434517 31.333409337540836
-31.527215627033158 34.442361646307376
-33.5883595776318 34.58999720406723
-35.64950352823044 33.769326325075944
-37.71064747882908 31.105795069233697
-39.77179142942772 34.17192356642636
-41.83293538002636 35.39439169705454
-43.894079330625 33.43470002121893
-45.95522328122364 38.214502746296546
-48.01636723182228 36.96899961331342
-50.07751118242093 39.188725198958906
-52.13865513301957 39.108754774581314
-54.19979908361821 42.966492480946236
-56.26094303421685 46.29783178163796
-58.322086984815485 49.556973474812814
-60.383230935414126 52.81523915160756
-62.44437488601277 52.757770749187415
-64.50551883661142 53.54967621951169
-66.56666278721005 53.03757626560878
-68.62780673780868 48.81660237000944
-70.68895068840733 57.70748520745427
-72.75009463900597 53.54666003505546
-74.81123858960461 46.06895689552753
-76.87238254020325 43.69008995388587
-78.9335264908019 37.983342996664724
-80.99467044140054 37.24175896804598
-83.05581439199918 34.56941332243798
-85.11695834259783 34.06862225702369
-87.17810229319646 32.76737072451086
-89.23924624379511 30.54535225585715
-91.30039019439374 37.142810609591486
-93.36153414499238 31.739613654719452
-95.42267809559102 30.0018167213841
-97.48382204618966 27.543627988160907
-99.5449659967883 34.59329869608761
-101.60610994738695 31.244763074199188
-103.66725389798559 31.840735162985958
-105.72839784858424 25.79823132505306
-107.78954179918287 29.40350380348861
-109.85068574978152 27.96253555754522
-111.91182970038015 29.627941062464245
-113.97297365097879 26.13111425485563
-116.03411760157745 23.818801473137267
-118.09526155217608 28.42826846228957
-120.15640550277473 26.567338080546634
-122.21754945337337 27.84468261176835
-124.27869340397201 29.172625685809667
-126.33983735457065 25.804999944457702
-128.40098130516927 19.57525960531617
-130.46212525576792 28.74530802617177
-132.52326920636656 26.88447296723059
-134.58441315696518 24.564911607235512
-136.64555710756386 25.043383522133926
-138.7067010581625 23.86528734048713
-140.76784500876113 23.636654333620292
-142.82898895935978 26.83670018407098
-144.8901329099584 29.176898454306983
-146.95127686055707 26.953696799802753
-149.0124208111557 26.719046127362017
-151.07356476175434 21.83943067743146
-153.13470871235296 22.7364242207756
-155.1958526629516 28.64998305785896
-157.25699661355026 24.534684479648917
-159.3181405641489 25.062839115211503
-161.37928451474752 26.21353321686145
-163.44042846534617 23.55534912565512
-165.50157241594482 23.57060080038597
-167.56271636654347 24.050481039493363
-169.6238603171421 24.03892804126006
-171.68500426774074 28.102826536563704
-173.74614821833936 25.45157637905098
-175.80729216893803 22.787683934355496
-177.86843611953668 26.592614024952564
-179.9295800701353 28.093877981370593
-181.99072402073395 26.39628413890764
-184.05186797133257 25.79404224223806
-186.11301192193125 26.4118470882538
-188.17415587252987 26.784492250641353
-190.2352998231285 25.09675420500722
-192.29644377372713 28.18755561357607
-194.3575877243258 22.193888545688772
-196.41873167492443 26.45013827606202
-198.47987562552308 25.778893967893307
-200.5410195761217 23.64241991426625
-202.60216352672035 25.410500009045872
-204.663307477319 24.241759293253597
-206.72445142791764 22.971626172262667
-208.78559537851626 28.613200776772516
-210.8467393291149 27.385989391651766
-212.90788327971353 23.89456976794496
-214.9690272303122 28.30681808347772
-217.03017118091086 26.010975322773103
-219.09131513150948 23.050412048068512
-221.15245908210812 22.438208802004844
-223.21360303270674 29.58821310672342
