# BEGINHEADER
# This file contains data from the SALSA 2m radio telescope.
# DATE=2023-04-11T13:48:0014
# GLON and GLAT given in degrees
# GLON=114.81311514245928
# GLAT=-0.0937858273900221
# DATA in two columns below. Col. 1 is velocity relative to LSR [km/s]. Col. 2 is uncalibrated antenna temperature [K].
# ENDHEADER
270.7361261041324 14.165798483416086
268.67498215353373 30.255079355565403
266.61383820293514 27.609462108556635
264.55269425233644 30.151768872556907
262.49155030173785 26.894321497928164
260.4304063511392 24.293206402835377
258.36926240054055 25.712244424416124
256.3081184499419 23.10316568109952
254.24697449934325 24.268391926714468
252.18583054874463 27.939748146630176
250.12468659814598 28.321089022673096
248.06354264754737 26.36618606042542
246.00239869694872 25.06093731577086
243.94125474635007 29.279169834547584
241.88011079575142 25.25629300529968
239.8189668451528 28.454098767601444
237.75782289455415 28.622969918438077
235.69667894395553 30.205718564876683
233.63553499335686 24.123004532979387
231.5743910427582 28.56531681651215
229.5132470921596 31.165444536059688
227.45210314156094 30.877376367693305
225.3909591909623 27.73041677166872
223.32981524036364 31.34618337750242
221.26867128976502 27.223156424534366
219.20752733916638 26.76182279699253
217.14638338856776 30.253536109210188
215.08523943796908 29.521415424161667
213.02409548737046 25.647953243478597
210.9629515367718 25.327467851221975
208.9018075861732 30.102093210846835
206.84066363557454 25.939092984723086
204.7795196849759 28.861823284723872
202.71837573437725 28.61756601695671
200.65723178377863 31.791892439169892
198.59608783317998 31.293232987764572
196.5349438825813 35.79900784312125
194.47379993198268 28.527835189889174
192.412655981384 30.01513920521946
190.3515120307854 30.26969970955398
188.29036808018674 30.447749854281987
186.22922412958812 30.69229249533139
184.16808017898944 28.511829629087263
182.10693622839082 31.500697659159027
180.04579227779217 31.753461474459908
177.98464832719355 33.1269079057366
175.9235043765949 32.60503950953025
173.86236042599626 29.84979207483687
171.8012164753976 32.65357028843714
169.740072524799 31.53640635511408
167.67892857420034 39.23249735509414
165.61778462360172 31.72724684228003
163.55664067300305 28.591641178803897
161.49549672240443 32.06106847904039
159.43435277180578 29.729900550258797
157.37320882120713 30.319782003596856
155.31206487060848 35.45420008602672
153.25092092000983 34.22883831255768
151.1897769694112 34.65744497745479
149.12863301881256 33.595889356734794
147.06748906821394 27.9738543343101
145.00634511761527 29.81624617944779
142.94520116701665 38.25672968030782
140.884057216418 35.44000780845349
138.82291326581938 31.72272794722975
136.76176931522073 32.60939652343685
134.70062536462208 32.84452761713664
132.63948141402344 36.482530159557655
130.57833746342482 33.95675655199258
128.51719351282617 32.426600126660745
126.45604956222752 32.65887380982406
124.39490561162889 37.70653356111855
122.33376166103024 41.30109883955436
120.2726177104316 33.61712313328473
118.21147375983296 37.00365454673836
116.15032980923432 40.368592941630276
114.08918585863567 33.93261985820591
112.02804190803704 32.12130781115162
109.9668979574384 36.29746898332321
107.90575400683976 32.10254959231963
105.84461005624112 36.08239420832455
103.78346610564247 34.11469173270557
101.72232215504384 35.22674375069292
99.66117820444518 34.84615080460647
97.60003425384654 38.443774218071745
95.53889030324791 37.48365511518284
93.47774635264926 32.22407757899369
91.41660240205063 33.10070357297187
89.35545845145198 36.33733267060225
87.29431450085335 31.415550275201753
85.2331705502547 31.664292581106576
83.17202659965606 37.0320453500005
81.11088264905743 34.35388295128676
79.04973869845878 32.69066290017982
76.98859474786015 36.654306321002025
74.9274507972615 34.61591136101241
72.86630684666287 31.999312936569243
70.80516289606422 31.42891530052514
68.74401894546558 36.110216806240665
66.68287499486695 36.02989623904914
64.6217310442683 37.49576370470201
62.56058709366966 36.3344269544056
60.49944314307102 30.013216322606528
58.43829919247238 32.626989468161696
56.37715524187374 33.8134889048134
54.316011291275096 30.797484142898437
52.25486734067645 32.88640737189192
50.19372339007781 33.45697296325665
48.13257943947917 35.18569583020384
46.07143548888053 36.38746731157835
44.01029153828189 32.80071752833477
41.94914758768325 36.85044858944219
39.88800363708461 32.83066449265194
37.82685968648597 34.82640339500733
35.76571573588733 35.35546267382207
33.70457178528869 35.076218384220454
31.643427834690048 32.76516662613566
29.582283884091407 34.7798359064508
27.521139933492762 35.584183578811036
25.459995982894124 38.045446255187805
23.398852032295483 38.746550645824875
21.337708081696842 37.0772986836141
19.2765641310982 34.013583360839206
17.21542018049956 34.59013688003713
15.154276229900919 38.54261037542671
13.09313227930228 33.82727924046566
11.031988328703639 42.96914045468133
8.970844378105 49.254186588711796
6.909700427506357 49.84336655955696
4.848556476907716 64.60337784314392
2.787412526309076 73.4100685224996
0.7262685757104349 94.93691146578023
-1.3348753748882058 99.62710438084085
-3.3960193254868467 91.37446363589176
-5.457163276085487 93.04210590314203
-7.5183072266841275 98.98131381054625
-9.579451177282769 99.20811212291551
-11.640595127881408 94.41408442383931
-13.701739078480053 86.6913317083329
-15.762883029078692 80.89290271564761
-17.82402697967733 72.35398293950131
-19.885170930275976 61.42052015634552
-21.946314880874617 55.371188890027106
-24.007458831473254 54.31913705175969
-26.068602782071896 54.04897172017161
-28.129746732670537 49.75065211871663
-30.190890683269178 55.76013077392659
-32.252034633867815 59.57712961468127
-34.313178584466456 59.93142513723341
-36.3743225350651 58.17923562431214
-38.43546648566374 62.89847656682781
-40.49661043626238 69.31621366555265
-42.55775438686102 72.06684925495954
-44.61889833745967 78.36766344830627
-46.68004228805831 78.59553927600503
-48.741186238656944 85.91200935194775
-50.802330189255585 86.52463108134992
-52.863474139854226 86.66849962103436
-54.92461809045287 78.94706759561505
-56.98576204105151 79.79234353770912
-59.04690599165015 73.64759168657413
-61.10804994224878 73.48833829588393
-63.169193892847424 70.08656720676315
-65.23033784344607 66.62986957223953
-67.29148179404471 62.63077732507094
-69.35262574464335 59.79361926816138
-71.413769695242 52.09234287900252
-73.47491364584063 46.12222967866154
-75.53605759643928 46.63396502822057
-77.59720154703791 45.233223414406694
-79.65834549763656 43.14561171715412
-81.7194894482352 41.67100062539456
-83.78063339883383 39.57228234470131
-85.84177734943248 39.92344710654715
-87.90292130003111 45.9838279549717
-89.96406525062976 45.24073787945486
-92.02520920122839 38.89463492523405
-94.08635315182705 41.09460294231233
-96.14749710242569 45.79307009792211
-98.20864105302432 45.41776160463903
-100.26978500362297 41.590590748444406
-102.3309289542216 44.10953468356377
-104.39207290482025 42.765647163761976
-106.45321685541889 37.24914582851423
-108.51436080601754 38.06874937116321
-110.57550475661617 33.18412269635693
-112.6366487072148 34.539513992599616
-114.69779265781345 32.17114400449632
-116.75893660841209 28.224570869109986
-118.82008055901073 27.010337693512724
-120.88122450960937 30.009360394755753
-122.94236846020802 30.80056173045017
-125.00351241080665 33.41932960861901
-127.06465636140528 32.68331530283827
-129.12580031200395 28.89769799766275
-131.18694426260257 28.14669720600888
-133.2480882132012 30.868032554777763
-135.30923216379986 28.06763338889606
-137.3703761143985 23.52353757197776
-139.43152006499713 25.287701719064515
-141.49266401559578 27.440542706948634
-143.5538079661944 25.82831269369052
-145.61495191679307 27.52252969807578
-147.6760958673917 26.099548369581182
-149.73723981799034 27.839813341158447
-151.798383768589 25.616459860025742
-153.8595277191876 23.914398957924845
-155.9206716697863 25.308141800194367
-157.9818156203849 30.823990438973063
-160.04295957098356 25.821844121869166
-162.10410352158218 27.57201273677018
-164.16524747218085 29.063548477749695
-166.22639142277947 31.46419099754172
-168.28753537337812 25.748783396757194
-170.34867932397674 26.89281656800738
-172.4098232745754 29.047814876965866
-174.47096722517404 25.766609166817993
-176.53211117577268 26.925485163829432
-178.5932551263713 26.151096945173332
-180.65439907696995 28.94150549638456
-182.71554302756857 28.5458073890666
-184.77668697816725 29.666832344017198
-186.83783092876587 28.38191555019692
-188.89897487936452 26.682920750849487
-190.96011882996316 26.851382207593502
-193.02126278056178 24.512317904266794
-195.08240673116046 25.5819635368061
-197.14355068175908 26.99522678964271
-199.2046946323577 27.209011376528252
-201.26583858295635 28.593084497385163
-203.326982533555 25.92950999239195
-205.38812648415362 26.52684819681583
-207.44927043475226 26.464114644814487
-209.51041438535088 24.376962486828734
-211.57155833594956 23.69172022038205
-213.63270228654818 25.283185390231395
-215.69384623714683 23.447269679216955
-217.75499018774545 26.619150323413372
-219.8161341383441 28.814437606525804
-221.87727808894275 26.591951259531744
-223.9384220395414 31.01033720524977
-225.99956599014 31.02407555970454
-228.06070994073866 23.99486908171388
-230.12185389133734 32.88551707361792
-232.18299784193596 26.881410684077135
-234.2441417925346 26.658743668068723
-236.30528574313323 25.793444021207385
-238.36642969373187 28.33546544174471
-240.42757364433052 27.333368559775284
-242.48871759492917 28.763893594625593
-244.5498615455278 24.734243085513864
-246.61100549612644 27.6352820180576
-248.67214944672506 23.94238356344184
-250.73329339732373 30.33954441874728
-252.79443734792235 28.009603194105395
-254.855581298521 27.30836093735112
