# BEGINHEADER
# This file contains data from the SALSA 2m radio telescope.
# DATE=2023-04-11T13:57:0024
# GLON and GLAT given in degrees
# GLON=164.86313187144142
# GLAT=-0.2530834369399836
# DATA in two columns below. Col. 1 is velocity relative to LSR [km/s]. Col. 2 is uncalibrated antenna temperature [K].
# ENDHEADER
235.00325408786273 15.679048531781685
232.9421101372641 28.742775182555278
230.88096618666546 28.460969984831724
228.81982223606684 30.517621420739985
226.75867828546816 31.072736398880718
224.69753433486954 27.90976432290173
222.6363903842709 29.587931433096074
220.57524643367228 28.42276115700232
218.51410248307363 25.6813639375941
216.45295853247498 28.431061115862903
214.39181458187633 30.606069574448867
212.3306706312777 31.99734551508758
210.26952668067906 28.973003131010238
208.20838273008044 22.691663566711465
206.14723877948177 29.02124404447003
204.08609482888312 28.513101172733737
202.0249508782845 26.69518941854331
199.96380692768585 26.481967634101792
197.9026629770872 28.38108565622785
195.84151902648856 25.49790274491284
193.7803750758899 29.869697509271212
191.71923112529126 27.138251053170364
189.65808717469264 29.650738976136108
187.596943224094 28.420794918382462
185.53579927349534 30.36637375838626
183.4746553228967 26.220023081314718
181.41351137229807 27.91742188343154
179.35236742169943 30.474805578330653
177.2912234711008 30.676380276975785
175.23007952050213 33.97763604126163
173.1689355699035 31.555456053949815
171.10779161930486 30.82961756962738
169.0466476687062 29.787917193690852
166.9855037181076 34.260820927213146
164.92435976750892 30.568705055139024
162.8632158169103 29.38547876812878
160.80207186631165 30.199322300894117
158.74092791571303 33.324857204630796
156.67978396511435 32.83664964110444
154.61864001451573 33.42492234034612
152.55749606391709 33.9670512348317
150.49635211331847 30.600926160397304
148.43520816271982 32.96390139164705
146.37406421212117 33.15775436706221
144.31292026152252 34.591139390872485
142.2517763109239 33.21919353421936
140.19063236032525 33.478815529130394
138.12948840972663 35.498141885673085
136.06834445912796 34.67670496089422
134.00720050852934 34.74826817517458
131.9460565579307 32.88990988016001
129.88491260733204 28.823062040194248
127.8237686567334 35.03914826810058
125.76262470613477 33.35555724301163
123.70148075553612 36.57851510083228
121.64033680493749 33.210969229909495
119.57919285433884 31.09612335624115
117.51804890374021 35.62125934815716
115.45690495314156 33.54961516661638
113.39576100254293 37.08278848176195
111.33461705194428 34.85157315102563
109.27347310134563 36.97574093398439
107.212329150747 33.319830366691676
105.15118520014835 35.28221955757842
103.09004124954971 36.39466409403884
101.02889729895107 33.962901731336316
98.96775334835245 34.12684141759922
96.9066093977538 33.0520753680008
94.84546544715516 33.79175792485106
92.78432149655653 34.427736077287726
90.72317754595788 34.69262472646816
88.66203359535925 36.758162512232424
86.6008896447606 36.165628958026
84.53974569416197 32.03620950802527
82.47860174356332 36.304744751811214
80.41745779296468 34.93602800007385
78.35631384236605 34.89296739811116
76.2951698917674 33.950250842022925
74.23402594116877 33.8738104814729
72.1728819905701 36.64946786196322
70.11173803997147 32.78857961335935
68.05059408937282 37.26575389891559
65.98945013877419 32.4053886694021
63.92830618817555 36.29894928640671
61.867162237576906 37.90297200003472
59.806018286978265 35.41308095932524
57.74487433637963 37.95005388286327
55.68373038578099 39.4875351894871
53.62258643518235 36.10546291990954
51.56144248458371 31.618721361846934
49.50029853398507 36.33703990554277
47.439154583386426 40.719561558374544
45.378010632787785 35.16770896789117
43.31686668218914 37.08541531355824
41.2557227315905 36.103385465558766
39.19457878099186 33.090551187327826
37.13343483039322 36.33036151791855
35.07229087979458 37.129244693018805
33.01114692919594 38.68308244617484
30.9500029785973 36.38487975407902
28.888859027998656 34.64762963969126
26.82771507740002 43.54534259145698
24.766571126801377 34.49660572110528
22.705427176202736 42.68655352452001
20.6442832256041 37.746259728157554
18.583139275005454 39.55709362916614
16.521995324406813 45.76621647537621
14.460851373808174 42.61799471579343
12.39970742320953 49.189047119611736
10.33856347261089 53.26572273644085
8.277419522012249 65.00463228753168
6.216275571413608 71.36773950846943
4.155131620814968 83.89198086347099
2.0939876702163276 83.95367905972003
0.03284371961768656 89.46497321536522
-2.028300230980954 98.56982665516634
-4.089444181579595 101.37161786051502
-6.150588132178235 103.30019905126727
-8.211732082776876 105.21773331257943
-10.272876033375518 108.82043759055486
-12.334019983974159 108.68803630151885
-14.395163934572798 103.39175020970697
-16.456307885171437 102.39382801035039
-18.517451835770082 97.24251142043832
-20.578595786368723 95.57592666358282
-22.63973973696736 95.1541469126052
-24.700883687566 84.77778323610544
-26.762027638164643 78.32988486637929
-28.823171588763284 77.11417213411677
-30.884315539361925 72.87065769070199
-32.94545948996057 72.32316123932887
-35.00660344055921 69.92586980033829
-37.06774739115785 59.294579278167966
-39.128891341756486 57.83078588755586
-41.19003529235513 58.463622701966614
-43.25117924295377 51.83340679461751
-45.31232319355241 52.37315884960369
-47.37346714415105 47.105056121845564
-49.43461109474969 42.55232233165149
-51.49575504534833 44.44504515910771
-53.55689899594697 39.06957726901127
-55.618042946545614 43.43151474603756
-57.679186897144255 41.167542146784974
-59.7403308477429 42.22862195021115
-61.80147479834154 39.72317334862488
-63.86261874894018 37.565680275793355
-65.92376269953881 37.0109204986429
-67.98490665013746 35.360437505872376
-70.0460506007361 33.46662429499683
-72.10719455133474 36.130662945973434
-74.16833850193338 33.55706356465655
-76.22948245253201 30.639578452496036
-78.29062640313066 32.10952541333349
-80.3517703537293 34.07216345680951
-82.41291430432796 31.181998301656797
-84.47405825492659 34.964692716890326
-86.53520220552522 35.60784228074998
-88.59634615612387 36.771008710554625
-90.6574901067225 35.8332102412582
-92.71863405732115 34.04556692500213
-94.77977800791979 31.439695033311548
-96.84092195851844 31.73277675608943
-98.90206590911707 34.48458303502763
-100.96320985971572 31.39965014722125
-103.02435381031437 31.634451478420345
-105.085497760913 30.375604853740608
-107.14664171151165 29.21372405924305
-109.20778566211028 33.75597830236738
-111.26892961270892 26.871415531212307
-113.33007356330756 27.12498014636772
-115.3912175139062 27.263581963126857
-117.45236146450485 31.132109368921267
-119.5135054151035 30.019056007967205
-121.57464936570213 30.664753375951936
-123.63579331630078 31.528423445922662
-125.69693726689941 32.47043195538943
-127.75808121749806 29.981285934186154
-129.8192251680967 31.923189243299774
-131.8803691186953 31.431524059887174
-133.941513069294 28.858518746294518
-136.0026570198926 32.282815789667545
-138.06380097049126 29.25497346443335
-140.1249449210899 30.554558314156438
-142.18608887168853 27.62238405125445
-144.2472328222872 27.82974366950192
-146.30837677288582 28.22635739105847
-148.36952072348447 27.650974499414662
-150.4306646740831 29.304055579027928
-152.49180862468174 26.35936711279358
-154.5529525752804 26.507849910565813
-156.61409652587903 28.94470608501527
-158.67524047647765 32.75125735773852
-160.7363844270763 33.216951588639496
-162.79752837767492 27.325642005105145
-164.8586723282736 25.025951787309616
-166.91981627887222 31.85470093569735
-168.98096022947087 24.83018895676359
-171.0421041800695 27.071441887937294
-173.10324813066816 25.74649112641811
-175.16439208126678 23.23366949550354
-177.22553603186543 28.938065648254607
-179.28667998246408 28.16683214471144
-181.3478239330627 27.99933311353803
-183.40896788366138 31.427240628668624
-185.47011183426 26.582004619752897
-187.53125578485864 24.7828615152547
-189.59239973545726 29.71591790663388
-191.6535436860559 26.19470484639506
-193.71468763665456 26.411745774726622
-195.7758315872532 28.859575400299175
-197.83697553785183 29.87967582990842
-199.89811948845048 30.049843415795195
-201.9592634390491 27.029747661666125
-204.02040738964774 28.1181847990672
-206.08155134024636 29.633965264800487
-208.142695290845 28.67868973597848
-210.20383924144366 30.30959599070241
-212.2649831920423 27.8112422021313
-214.32612714264093 29.19299239764596
-216.38727109323958 28.12562358738632
-218.44841504383822 27.274755749207802
-220.50955899443687 24.70963858613951
-222.57070294503552 29.34638800478907
-224.63184689563414 28.362139363532638
-226.6929908462328 30.216641275884783
-228.75413479683144 29.56013432114579
-230.81527874743009 26.15996930680451
-232.8764226980287 25.23552876690346
-234.93756664862735 27.259661450772587
-236.99871059922597 25.568106971249097
-239.05985454982465 32.00630971501443
-241.12099850042327 33.02309254243074
-243.18214245102192 28.520577074876904
-245.24328640162054 25.161325018740246
-247.30443035221919 30.564532474203
-249.36557430281783 26.44828108942919
-251.42671825341648 30.572060440122705
-253.4878622040151 27.631829349653202
-255.54900615461375 35.50920694913082
-257.6101501052124 26.885497708038745
-259.6712940558111 24.45263592643818
-261.73243800640967 29.40985194994946
-263.79358195700837 29.282901035901435
-265.85472590760696 30.615144236059837
-267.9158698582056 28.40297778008023
-269.9770138088042 29.34177866832377
-272.0381577594029 29.870047137860862
-274.09930171000155 30.454542951712387
-276.16044566060015 27.103446790886974
-278.2215896111988 23.91952066732514
-280.28273356179744 32.06290855469152
-282.3438775123961 30.675013629061294
-284.40502146299474 26.36561312457172
-286.46616541359333 32.576138196746186
-288.52730936419204 27.014677837338905
-290.5884533147906 30.215312232627486
