# BEGINHEADER
# This file contains data from the SALSA 2m radio telescope.
# DATE=2023-04-11T14:00:0049
# GLON and GLAT given in degrees
# GLON=189.87320551648622
# GLAT=-0.28824244699301294
# DATA in two columns below. Col. 1 is velocity relative to LSR [km/s]. Col. 2 is uncalibrated antenna temperature [K].
# ENDHEADER
224.04175748858606 14.310072846270023
221.98061353798744 34.66587965914726
219.9194695873888 29.07181398712075
217.85832563679017 28.286211260730354
215.7971816861915 25.927024341452068
213.73603773559287 27.014559712819363
211.67489378499423 25.48846741575257
209.6137498343956 32.33898775345571
207.55260588379696 25.13725164359111
205.4914619331983 28.11564150005472
203.43031798259966 30.995002945833438
201.36917403200104 30.02446875580511
199.3080300814024 29.256998602174775
197.24688613080374 31.020065285078502
195.1857421802051 34.530857856901555
193.12459822960645 31.176277278838644
191.0634542790078 30.168594807526894
189.00231032840918 28.440026316993983
186.94116637781053 28.72234759975627
184.88002242721186 30.873445594324195
182.81887847661324 31.027871244505143
180.7577345260146 29.21018227066466
178.69659057541597 28.762721765568003
176.63544662481732 33.22904486190637
174.57430267421867 31.820059100407608
172.51315872362002 30.749240231549095
170.4520147730214 34.30097284164201
168.39087082242276 30.556340056483585
166.32972687182414 26.27897786047384
164.26858292122546 28.80539162377889
162.20743897062684 34.41047265544102
160.1462950200282 33.46383822880626
158.08515106942957 30.178181370800996
156.0240071188309 31.19203323937356
153.96286316823227 31.798809342643704
151.90171921763363 31.863409692702014
149.840575267035 33.16272193113456
147.77943131643636 31.710894048735494
145.71828736583768 32.59438392850252
143.65714341523906 36.123484072198174
141.5959994646404 32.25723857688314
139.5348555140418 29.02748628846978
137.47371156344315 33.76880070119737
135.4125676128445 34.52616701722521
133.35142366224585 32.89821723848175
131.29027971164723 35.387979421026394
129.22913576104858 31.407929442548642
127.16799181044993 29.452432824749188
125.1068478598513 32.941787514883515
123.04570390925265 32.782551926743
120.98455995865402 38.3895214324388
118.92341600805537 35.95030419217293
116.86227205745674 35.023509303488424
114.80112810685809 34.336051401380715
112.73998415625945 39.99992034302266
110.67884020566082 37.07065306086945
108.61769625506217 33.39393711060694
106.55655230446354 34.31263703098933
104.49540835386489 35.72428058007024
102.43426440326625 31.270353439830533
100.3731204526676 33.8453001483717
98.31197650206897 33.9912109964452
96.25083255147034 33.32721703421365
94.18968860087169 40.755434149501795
92.12854465027306 38.1960840720056
90.0674006996744 32.78422633241386
88.00625674907576 36.84744236031047
85.94511279847711 39.25737906145496
83.88396884787848 37.012651304112815
81.82282489727984 32.653638328624105
79.7616809466812 36.805219349281984
77.70053699608256 34.37329866799733
75.63939304548391 30.489749043886857
73.57824909488528 35.03802638682461
71.51710514428663 36.310505043174864
69.455961193688 36.34948534293382
67.39481724308936 37.14444662438312
65.33367329249072 37.29871745953837
63.27252934189208 37.96604442974994
61.21138539129344 39.40850484032087
59.15024144069479 34.94325244029122
57.08909749009615 34.838149378448435
55.02795353949751 37.96274816082037
52.96680958889887 30.938414174787802
50.90566563830023 34.50503455364006
48.844521687701594 40.79472357815088
46.78337773710296 36.9159880379944
44.72223378650432 40.47621807921803
42.66108983590568 38.572649839350426
40.59994588530703 39.65856128798113
38.53880193470839 41.16466892088352
36.47765798410975 42.20085420786863
34.416514033511106 39.07879471051334
32.35537008291247 46.58166029784384
30.294226132313828 42.9189169559248
28.23308218171519 54.608236818249786
26.171938231116545 56.32775664174826
24.110794280517904 64.66936092187568
22.049650329919267 71.16123521949037
19.988506379320626 86.13848093105409
17.927362428721985 93.69683579828
15.866218478123344 109.16976921109821
13.805074527524702 126.71858874271928
11.74393057692606 126.7842866862567
9.682786626327418 142.31100757031246
7.621642675728778 143.1882149709975
5.560498725130138 141.7372512777937
3.499354774531498 150.80717151808355
1.4382108239328566 134.2254717982374
-0.6229331266657842 129.57446925292618
-2.684077077264425 122.78437395840798
-4.7452210278630655 106.82631289260297
-6.806364978461707 87.60072187007435
-8.867508929060348 73.88327942810965
-10.928652879658989 62.5160711183837
-12.989796830257628 50.689895855472706
-15.05094078085627 50.65906477757684
-17.11208473145491 46.426102149695815
-19.173228682053548 44.67895472424191
-21.23437263265219 46.453699426586056
-23.295516583250834 41.31656866769849
-25.356660533849475 43.75711617122636
-27.417804484448112 41.845194601673526
-29.478948435046753 38.08866085536778
-31.540092385645398 34.28055057835246
-33.601236336244035 38.84578391848317
-35.66238028684268 35.725497233214305
-37.72352423744132 34.96961059878568
-39.78466818803996 31.52801431525055
-41.8458121386386 36.71991160799006
-43.90695608923724 36.45022577376868
-45.96810003983588 36.91348973630421
-48.02924399043452 38.289397373812506
-50.090387941033164 36.69352783299672
-52.151531891631805 40.19044374939532
-54.212675842230446 34.055503313283864
-56.273819792829094 38.060750583821665
-58.334963743427735 38.26193352612391
-60.39610769402637 37.20673207041607
-62.45725164462501 33.84999554438324
-64.51839559522365 41.668001251900975
-66.5795395458223 38.44132491336847
-68.64068349642093 38.07514481644572
-70.70182744701958 31.949978334663648
-72.76297139761822 32.84036598906471
-74.82411534821686 37.855226797872284
-76.8852592988155 34.953280842407935
-78.94640324941415 33.45164079424396
-81.00754720001278 30.416855611245417
-83.06869115061141 33.871468434847955
-85.12983510121006 29.81061029460204
-87.1909790518087 32.80696898282456
-89.25212300240734 33.37027826680333
-91.31326695300598 33.998553291363926
-93.37441090360463 28.876557334168925
-95.43555485420326 30.683140039874917
-97.4966988048019 29.814202530492675
-99.55784275540054 26.104773925439172
-101.61898670599918 32.00536687952603
-103.68013065659784 34.958859301957716
-105.74127460719647 36.499522864913985
-107.80241855779512 31.211214932205355
-109.86356250839376 32.03777550818665
-111.92470645899239 28.358156078883887
-113.98585040959104 30.70360921123115
-116.04699436018967 27.139150964976974
-118.10813831078832 29.547808598929933
-120.16928226138695 33.983975653443196
-122.2304262119856 34.375993165445976
-124.29157016258424 26.04033948325215
-126.35271411318287 26.096023736287624
-128.41385806378153 29.490641707429386
-130.47500201438015 32.29849325674067
-132.5361459649788 34.82789327005681
-134.59728991557745 29.57872316673485
-136.6584338661761 30.355812669182797
-138.71957781677472 28.11670621987404
-140.78072176737336 29.633660077531957
-142.84186571797198 30.985009355966323
-144.90300966857066 29.730121379206935
-146.96415361916928 26.171175089162244
-149.02529756976793 28.922932889398744
-151.08644152036655 31.220650532067648
-153.1475854709652 28.855052674939635
-155.20872942156385 28.798649057632076
-157.2698733721625 23.73926334856321
-159.3310173227611 32.13580148430543
-161.39216127335976 29.328921295688808
-163.45330522395844 27.470144784335925
-165.51444917455706 28.81481861157987
-167.5755931251557 27.72839437472665
-169.63673707575433 29.5085395683086
-171.69788102635297 32.153033119064816
-173.75902497695162 28.088303661612017
-175.82016892755027 26.010297536953658
-177.8813128781489 30.589862595397417
-179.94245682874754 31.784233819121226
-182.00360077934616 30.085513532527667
-184.06474472994483 25.7325140037375
-186.12588868054345 28.032055269943147
-188.1870326311421 26.95023398203484
-190.24817658174072 28.728969902545824
-192.30932053233937 26.473414181370526
-194.37046448293802 30.95564129654778
-196.43160843353667 28.205436707692918
-198.49275238413526 28.61641282772476
-200.55389633473393 26.770671923272893
-202.61504028533258 28.331973315702655
-204.6761842359312 28.928563727468795
-206.73732818652985 27.27538094378136
-208.79847213712847 29.096479048458452
-210.85961608772715 33.059689520442724
-212.92076003832577 30.322379869933105
-214.98190398892442 30.42302620031917
-217.04304793952303 28.211939505122523
-219.10419189012168 27.938208808475952
-221.16533584072033 26.83704664310031
-223.22647979131898 29.151590578730122
-225.2876237419176 27.2285396801169
-227.34876769251625 27.624762053718502
-229.4099116431149 26.020755918492107
-231.47105559371354 26.87936610604912
-233.53219954431216 27.5984989493351
-235.5933434949108 33.478589052270955
-237.65448744550943 26.22752395419673
-239.7156313961081 30.3178176917337
-241.77677534670676 29.259562676370656
-243.83791929730538 27.731744075682855
-245.89906324790402 21.26059014593501
-247.96020719850264 28.868110905030505
-250.02135114910132 29.611296850311756
-252.08249509969994 28.346285308980057
-254.1436390502986 28.1161922525129
-256.20478300089724 28.746188207512624
-258.2659269514959 32.30584847488707
-260.32707090209453 28.40700909819469
-262.3882148526931 28.517684116859247
-264.44935880329183 29.01441193411587
-266.5105027538904 28.461787261487874
-268.57164670448907 22.996493144868342
-270.63279065508766 27.69240495598751
-272.69393460568637 29.904343690722584
-274.755078556285 26.19604415784554
-276.8162225068836 27.899171334571072
-278.8773664574823 27.46640990156552
-280.9385104080809 28.293246343244387
-282.99965435867955 27.953693858819467
-285.0607983092782 30.090232586475288
-287.12194225987685 32.086153187103754
-289.1830862104755 32.20901376627882
-291.2442301610741 29.656717578066946
-293.30537411167273 35.0284791902973
-295.36651806227144 30.56892355653515
-297.42766201287003 28.192780436233864
-299.4888059634687 30.697308120108
-301.5499499140673 32.144129084358504
