# BEGINHEADER
# This file contains data from the SALSA 2m radio telescope.
# DATE=2023-04-11T13:46:0031
# GLON and GLAT given in degrees
# GLON=104.79387487041441
# GLAT=-0.01844932104178191
# DATA in two columns below. Col. 1 is velocity relative to LSR [km/s]. Col. 2 is uncalibrated antenna temperature [K].
# ENDHEADER
278.29554627331134 14.308443127445134
276.23440232271275 27.703881004437797
274.1732583721141 27.21387729770557
272.1121144215155 29.21746298449434
270.0509704709168 24.81186355734508
267.98982652031816 26.764934971750414
265.92868256971957 27.521782094825493
263.8675386191209 26.180786095101436
261.8063946685223 30.8669120421054
259.7452507179236 29.712172449985253
257.684106767325 23.241487801178287
255.62296281672636 26.795052203023943
253.5618188661277 26.44416366781458
251.50067491552906 24.167411319757797
249.43953096493044 27.11398623434791
247.3783870143318 29.49076537969662
245.31724306373317 27.358773950460943
243.2560991131345 31.9498538523646
241.19495516253588 26.756666538584927
239.13381121193723 20.172894310171237
237.07266726133858 26.814509043203394
235.01152331073993 27.201553141946558
232.95037936014128 27.450708730420125
230.88923540954266 25.856188982219326
228.82809145894402 26.70707713947769
226.7669475083454 28.21798224179608
224.70580355774672 30.425712498873757
222.6446596071481 28.502312013441795
220.58351565654945 28.348245326097672
218.52237170595083 27.687375283244343
216.46122775535218 31.62969933222327
214.40008380475354 31.91936203569771
212.3389398541549 29.711462376246107
210.27779590355627 29.27927093557943
208.21665195295762 27.125398935434237
206.15550800235897 32.13918381736228
204.09436405176032 34.233256611667606
202.0332201011617 33.30649998417063
199.97207615056305 34.94233354059082
197.9109321999644 32.24384055133773
195.84978824936576 30.114431576478626
193.7886442987671 27.873010595884427
191.7275003481685 31.665678704688016
189.66635639756984 32.90553894444987
187.60521244697122 27.043206161870785
185.54406849637255 30.50151808981583
183.48292454577393 35.10376222075931
181.42178059517528 29.710080931330467
179.36063664457666 38.483020546198524
177.299492693978 32.431487706630485
175.23834874337936 35.23996806659081
173.1772047927807 34.19602335255959
171.1160608421821 34.44645661953081
169.05491689158345 34.125395151914034
166.9937729409848 35.183518120784434
164.93262899038615 29.954879768286833
162.87148503978753 31.02041684046136
160.81034108918888 30.311777773505415
158.74919713859023 32.502534759634756
156.68805318799158 31.536005477075364
154.62690923739294 28.863256129474347
152.56576528679432 33.02229740335954
150.50462133619567 38.99306584161949
148.44347738559705 35.797173975579675
146.38233343499837 35.6646153227744
144.32118948439975 30.49168735919231
142.2600455338011 28.3548476354509
140.19890158320248 33.530984861862876
138.1377576326038 34.34327378712324
136.0766136820052 33.52050311937178
134.01546973140654 34.10074696506166
131.95432578080792 37.893797081837846
129.89318183020927 39.32761678946465
127.83203787961062 35.562985201480416
125.77089392901198 33.705330107068896
123.70974997841334 33.92719326608022
121.64860602781471 37.21846996838756
119.58746207721606 34.12732119913611
117.52631812661743 30.73662583461001
115.46517417601878 33.44304947223168
113.40403022542014 37.26339681486753
111.3428862748215 36.94376766034808
109.28174232422286 32.54153149607053
107.22059837362423 34.10989938415928
105.15945442302558 33.359403135889586
103.09831047242695 34.580346522451116
101.03716652182828 37.262593365714984
98.97602257122966 34.14636090905497
96.91487862063101 35.07889237301625
94.85373467003238 34.918807246537504
92.79259071943373 36.069089276089294
90.7314467688351 33.03690309499996
88.67030281823645 34.88494725515403
86.60915886763782 30.849309333635063
84.54801491703918 33.46253130203228
82.48687096644053 36.81236097275753
80.4257270158419 32.34840177389706
78.36458306524325 34.70254783676937
76.30343911464462 35.98296857480401
74.24229516404597 35.04898105159258
72.18115121344734 35.73623753999789
70.1200072628487 32.99877637683407
68.05886331225005 35.13563494832694
65.99771936165142 33.8969442014353
63.93657541105277 35.93306503217197
61.87543146045413 40.22762632644447
59.81428750985549 34.42908037397273
57.75314355925685 34.03081746607022
55.69199960865821 36.60170047378679
53.63085565805956 36.55785553100332
51.569711707460925 37.362676488475074
49.508567756862284 38.343445491400715
47.44742380626364 36.21263264676624
45.386279855665 34.19056655881191
43.32513590506636 36.31281012966633
41.26399195446772 37.40599722651814
39.202848003869086 35.368679374744325
37.141704053270445 35.02324048327294
35.080560102671804 32.9485054038649
33.019416152073156 33.012754214520506
30.958272201474518 36.13728639681948
28.897128250875877 34.90489326121546
26.835984300277236 32.37779259804284
24.774840349678595 38.061233640695285
22.713696399079954 31.108388441952687
20.652552448481313 33.03489539121645
18.591408497882668 37.02274686309215
16.53026454728403 39.601768015486854
14.46912059668539 39.385702577054886
12.407976646086746 40.699190148151715
10.346832695488107 48.74816913239258
8.285688744889464 55.749924236977144
6.224544794290825 60.379845755680066
4.163400843692185 77.48340609070206
2.102256893093544 89.74240024414226
0.04111294249490327 102.50078427518494
-2.0200310081037376 108.74830777706893
-4.081174958702378 103.51238379907872
-6.142318909301019 99.80625893206381
-8.20346285989966 87.67784131315489
-10.2646068104983 84.3905544383895
-12.325750761096943 75.47497551334928
-14.386894711695582 66.59537601416109
-16.448038662294223 64.54794952865417
-18.509182612892864 57.03250056353112
-20.570326563491506 61.04838318611336
-22.631470514090147 63.0480566225459
-24.692614464688788 60.51948377071971
-26.75375841528742 59.87847180355267
-28.814902365886066 56.76413266019809
-30.876046316484707 55.67295065563657
-32.937190267083345 55.203288365406976
-34.998334217681986 59.40948322585056
-37.05947816828063 59.540155444001776
-39.12062211887927 62.54016968692004
-41.18176606947791 63.941752010781165
-43.24291002007656 68.48509751443932
-45.30405397067519 71.75590184913528
-47.36519792127383 73.56774428095527
-49.426341871872474 77.92858228664808
-51.487485822471115 73.54819077836406
-53.548629773069756 77.5470606841526
-55.6097737236684 74.49661316194121
-57.67091767426703 74.65181504166333
-59.73206162486567 79.3982856318029
-61.79320557546431 74.3475482016409
-63.85434952606296 76.48596679672198
-65.9154934766616 77.06541443799395
-67.97663742726024 68.4550382798908
-70.03778137785888 64.85573755710644
-72.09892532845753 54.669914584483095
-74.16006927905616 52.57094597024423
-76.22121322965481 47.9595780631606
-78.28235718025344 45.54083833401221
-80.34350113085208 46.987032571144276
-82.40464508145072 41.52797276884723
-84.46578903204936 39.9345307648097
-86.526932982648 38.99812764759395
-88.58807693324664 40.8336162415128
-90.6492208838453 42.15475623340537
-92.71036483444394 42.04496326185439
-94.77150878504257 46.434900751737715
-96.83265273564122 50.73016187484958
-98.89379668623985 48.3528869296919
-100.9549406368385 40.31125890647974
-103.01608458743715 45.506853946855834
-105.07722853803578 38.95863062882889
-107.13837248863443 39.196989636069894
-109.19951643923307 35.739127737399784
-111.26066038983171 38.523288090294216
-113.32180434043035 32.3000145555753
-115.38294829102898 37.33587080085512
-117.44409224162763 36.63783106101989
-119.50523619222626 32.9264868659899
-121.56638014282491 31.082699677584763
-123.62752409342355 28.88883973174239
-125.6886680440222 28.386939580235527
-127.74981199462083 23.76336490262236
-129.81095594521946 24.48357483998095
-131.8720998958181 29.68459394407361
-133.93324384641676 27.847599722831156
-135.9943877970154 29.33426702707511
-138.05553174761403 27.179251679329408
-140.11667569821267 23.51017342653018
-142.1778196488113 31.05019350150925
-144.23896359940997 29.299922236948895
-146.3001075500086 24.879106238105074
-148.36125150060724 29.73790948389693
-150.4223954512059 31.036435074845755
-152.48353940180453 27.791112962714347
-154.54468335240318 24.618408509105194
-156.6058273030018 26.07006547740164
-158.66697125360045 30.051596165564266
-160.72811520419907 26.327022053686115
-162.78925915479775 22.351138661549914
-164.85040310539637 29.02203871181592
-166.91154705599502 28.695961696640854
-168.97269100659364 26.35791737561516
-171.03383495719228 32.47325171434299
-173.09497890779093 27.349373413268523
-175.15612285838958 26.50289736951344
-177.2172668089882 27.012760656074313
-179.27841075958685 26.878312144757796
-181.3395547101855 27.72403839231011
-183.40069866078414 27.73081627545399
-185.46184261138276 27.938795855708694
-187.5229865619814 26.72755786554216
-189.58413051258006 29.155281596254067
-191.6452744631787 32.214989155836
-193.70641841377736 30.484575979097897
-195.76756236437598 29.198027576978113
-197.82870631497462 26.2928362838699
-199.88985026557324 29.4250049540132
-201.95099421617192 25.918968650358604
-204.01213816677054 27.35695408798064
-206.0732821173692 28.881869842652033
-208.1344260679678 29.55816574327176
-210.19557001856646 31.019094406336347
-212.2567139691651 28.17647637811617
-214.31785791976375 27.41856820266011
-216.37900187036237 29.216222773314254
-218.44014582096102 28.204079841895
-220.50128977155967 25.571798088088748
-222.56243372215832 23.414013384883823
-224.62357767275694 24.909997746552136
-226.68472162335559 24.345530906069122
-228.74586557395423 24.597263797584258
-230.80700952455288 26.82267147903279
-232.86815347515153 30.7627933359712
-234.92929742575015 32.865687144725456
-236.9904413763488 28.844483408094945
-239.05158532694742 29.044375476820342
-241.1127292775461 25.16749129522558
-243.1738732281447 33.799853837868014
-245.23501717874336 26.023123814067596
-247.29616112934198 31.33559907845819
