# BEGINHEADER
# This file contains data from the SALSA 2m radio telescope.
# DATE=2023-04-11T13:53:0006
# GLON and GLAT given in degrees
# GLON=144.82862563554477
# GLAT=-0.24752993362614728
# DATA in two columns below. Col. 1 is velocity relative to LSR [km/s]. Col. 2 is uncalibrated antenna temperature [K].
# ENDHEADER
247.98641089603478 13.00035933476091
245.92526694543614 25.220769407800404
243.86412299483752 29.29340991802818
241.80297904423884 27.977505724039737
239.7418350936402 25.20649543375377
237.68069114304157 22.957880069014728
235.61954719244292 27.26731270044036
233.55840324184427 25.740874953452487
231.49725929124563 29.572522537546522
229.436115340647 29.19103614072661
227.37497139004836 26.265091381924275
225.31382743944974 29.86480928875184
223.25268348885106 30.389655524946495
221.19153953825244 28.82887486317009
219.1303955876538 25.418501704806353
217.06925163705517 24.196209463865742
215.00810768645653 30.190215532885514
212.94696373585788 28.267546107582962
210.88581978525923 32.14331202234288
208.8246758346606 26.509064904599065
206.76353188406196 28.103912843305938
204.70238793346334 34.520351655264285
202.64124398286467 35.14948970157234
200.58010003226602 29.810940324082562
198.5189560816674 34.631445615219334
196.45781213106872 25.96464909419745
194.3966681804701 27.992161699658443
192.33552422987142 27.750884371657236
190.2743802792728 26.971512527455054
188.21323632867416 31.881985581286973
186.15209237807554 31.835181581413146
184.0909484274769 32.71891321981612
182.02980447687824 30.034324093361203
179.9686605262796 31.775577999526043
177.90751657568097 27.808444248270956
175.84637262508232 30.659306114053965
173.7852286744837 28.51016399765572
171.72408472388503 30.678926361726926
169.6629407732864 36.53659404731573
167.60179682268776 34.98840877748176
165.5406528720891 31.416219216296128
163.47950892149046 32.43666088991097
161.41836497089182 37.16308858048285
159.3572210202932 35.09887074189539
157.29607706969455 33.102449758236
155.23493311909593 34.737656070539444
153.17378916849725 34.23956719323004
151.11264521789863 31.4310975681903
149.05150126729998 32.854322914328115
146.99035731670136 34.23612512487343
144.92921336610272 35.23051734175344
142.86806941550407 35.8867321789231
140.80692546490542 33.71265898645617
138.7457815143068 36.91897900162328
136.68463756370815 30.589425949766824
134.62349361310953 28.847298660565702
132.56234966251085 32.84269092924361
130.50120571191223 34.63881839022455
128.4400617613136 34.55448676713113
126.37891781071494 31.857461666835125
124.3177738601163 33.43826426246845
122.25662990951766 31.33295541111756
120.19548595891902 38.144001578411114
118.13434200832039 35.569242681213865
116.07319805772174 35.46249350591694
114.0120541071231 35.32089691133945
111.95091015652446 31.86985192294346
109.88976620592582 32.93848023986813
107.82862225532718 36.65802618173097
105.76747830472853 35.071904124764394
103.7063343541299 34.65361865869193
101.64519040353125 38.54310277683469
99.58404645293261 38.152965100310595
97.52290250233398 38.87155518214149
95.46175855173534 34.60580899745656
93.4006146011367 31.47317662330292
91.33947065053806 34.39824760658797
89.27832669993941 36.07320642419377
87.21718274934078 36.89324880522564
85.15603879874214 38.19352159192139
83.0948948481435 35.947806486799486
81.03375089754486 37.78863682411363
78.97260694694621 40.27716433282545
76.91146299634758 34.89744075642957
74.85031904574893 36.352576295600365
72.7891750951503 37.305540488398535
70.72803114455166 34.20830847893933
68.666887193953 33.97388304294274
66.60574324335437 36.330112923925896
64.54459929275573 35.58977343615406
62.48345534215709 37.67820100126652
60.42231139155845 37.90038002701868
58.361167440959804 33.58138854829691
56.30002349036116 41.15033575546812
54.23887953976252 37.048341235600375
52.17773558916389 33.665821583844185
50.11659163856525 34.54557210914335
48.0554476879666 36.04985946714871
45.99430373736796 38.69035248977048
43.933159786769316 34.73214580493179
41.87201583617068 34.47771712210866
39.810871885572034 33.62861797506866
37.74972793497339 35.598165996921566
35.68858398437475 37.21392734542321
33.62744003377611 33.32135389029751
31.566296083177473 38.56152591215463
29.505152132578832 36.64875935025665
27.44400818198019 33.75897500756183
25.382864231381546 38.2124100667913
23.321720280782912 37.46283393810597
21.26057633018427 40.042994031848984
19.19943237958563 39.63218490108662
17.13828842898699 38.818405251600275
15.077144478388348 38.97150611494199
13.016000527789707 42.50649679123352
10.954856577191066 43.42524062668392
8.893712626592423 47.190667066104325
6.832568675993784 60.12365471559205
4.771424725395144 68.03351205715805
2.7102807747965025 81.67696897521596
0.6491368241978619 85.37132107854059
-1.4120071264007787 86.48873312225037
-3.4731510769994194 93.07704074742155
-5.53429502759806 85.45443790328015
-7.595438978196702 88.79363309591302
-9.656582928795343 93.13759583523822
-11.717726879393984 87.0211267516794
-13.778870829992622 84.0832186357684
-15.840014780591265 76.46429169130533
-17.901158731189906 75.51421849394698
-19.962302681788543 77.29111323353051
-22.023446632387188 74.8588865645969
-24.08459058298583 72.02911734764749
-26.14573453358447 73.67532614994802
-28.20687848418311 76.29014210364136
-30.26802243478175 88.66143328704918
-32.32916638538039 92.64931451984624
-34.39031033597903 97.73297955049718
-36.45145428657768 98.67529136392139
-38.51259823717632 98.35282314745228
-40.57374218777496 91.99207188340152
-42.634886138373595 95.05222666642763
-44.696030088972236 85.70329291889648
-46.75717403957088 73.4100610719096
-48.81831799016952 75.95043862531766
-50.87946194076815 66.16709721209104
-52.94060589136679 68.61061070139912
-55.001749841965434 63.11151511111471
-57.06289379256408 58.33483272431756
-59.12403774316272 51.265625560797176
-61.18518169376136 52.22602660551594
-63.24632564436 48.98931210614031
-65.30746959495863 42.515052212507804
-67.36861354555728 48.36912014436314
-69.42975749615591 46.93666911670924
-71.49090144675456 45.04706062188934
-73.5520453973532 50.793384359551446
-75.61318934795185 46.64053155755866
-77.67433329855048 44.356541743390366
-79.73547724914911 45.591329641806816
-81.79662119974776 42.482095140119156
-83.8577651503464 34.700197218233164
-85.91890910094506 39.47374928022941
-87.98005305154369 38.753738976963085
-90.04119700214234 35.33198067641012
-92.10234095274097 35.3373849916932
-94.16348490333961 32.059402361989044
-96.22462885393826 32.90717066004656
-98.28577280453689 37.640738263479506
-100.34691675513554 31.12176278155871
-102.40806070573419 33.81158782196712
-104.46920465633282 32.32603755861953
-106.53034860693147 30.590731087808102
-108.5914925575301 26.381789905489203
-110.65263650812875 27.261559924618574
-112.71378045872738 27.609190886554273
-114.77492440932602 26.95019674859665
-116.83606835992467 29.646379141087237
-118.8972123105233 28.510693266755048
-120.95835626112195 30.71450056460614
-123.0195002117206 28.27734892437657
-125.08064416231925 27.90882904529685
-127.14178811291788 26.583281246089197
-129.2029320635165 26.948827753985334
-131.26407601411515 28.08160340011143
-133.3252199647138 29.266942303015373
-135.38636391531242 28.272049283173708
-137.4475078659111 27.92088547300205
-139.5086518165097 27.74389803462309
-141.56979576710836 29.971468441827323
-143.630939717707 27.960800298778487
-145.69208366830563 27.683259146879568
-147.7532276189043 30.09316678637406
-149.81437156950292 29.09373190658004
-151.87551552010157 27.967367285882613
-153.9366594707002 26.193858040089722
-155.99780342129884 23.66247199358224
-158.0589473718975 27.682402097245138
-160.12009132249614 30.637744887594142
-162.18123527309476 24.337597430291474
-164.2423792236934 27.765415114340037
-166.30352317429205 28.366397621705158
-168.3646671248907 27.230138431513737
-170.42581107548932 31.042568851215243
-172.48695502608797 26.97139340769212
-174.5480989766866 30.184632043563138
-176.60924292728527 22.168337806867022
-178.67038687788389 24.20363777540235
-180.73153082848253 30.138199027519025
-182.79267477908118 26.01748895010146
-184.8538187296798 25.77344860266871
-186.91496268027848 25.310610277511522
-188.9761066308771 29.03377924946005
-191.03725058147575 27.113237159323425
-193.09839453207437 25.70715054730328
-195.15953848267304 28.61970955504258
-197.22068243327166 29.518871174257956
-199.28182638387028 24.405486409925995
-201.3429703344689 26.611313285942376
-203.40411428506758 26.093778354558957
-205.4652582356662 27.550712673653912
-207.52640218626485 26.229182094145514
-209.58754613686347 26.393930094337946
-211.6486900874621 25.85971236892116
-213.70983403806076 30.318507242679377
-215.7709779886594 27.514530170654172
-217.83212193925803 25.111439306427208
-219.89326588985668 29.130633986951896
-221.95440984045536 31.048920646197057
-224.01555379105397 29.864818658407174
-226.07669774165262 30.861043361816115
-228.13784169225124 24.59981559990229
-230.1989856428499 30.53719490619302
-232.26012959344854 31.199741248323903
-234.3212735440472 22.487818569261265
-236.3824174946458 28.255722267625686
-238.44356144524446 24.283037763607613
-240.50470539584308 24.083565126272834
-242.56584934644175 27.408190783004212
-244.62699329704037 28.404704170192407
-246.68813724763902 31.220450658830934
-248.74928119823764 27.028961028414372
-250.81042514883632 28.30569563319858
-252.87156909943494 28.167576788785578
-254.93271305003358 30.530432795333304
-256.9938570006322 27.318311106420307
-259.05500095123085 31.706203216303223
-261.1161449018295 27.523982263341573
-263.17728885242815 34.36045378047051
-265.23843280302674 29.38677194132093
-267.29957675362544 27.183210183839307
-269.3607207042241 32.337786517526546
-271.4218646548227 29.489450370373586
-273.48300860542133 28.5789298090206
-275.54415255602004 27.303367355195665
-277.60529650661863 29.91703195403135
