# BEGINHEADER
# This file contains data from the SALSA 2m radio telescope.
# DATE=2023-04-11T13:49:0033
# GLON and GLAT given in degrees
# GLON=124.82046157734206
# GLAT=-0.14560820745850162
# DATA in two columns below. Col. 1 is velocity relative to LSR [km/s]. Col. 2 is uncalibrated antenna temperature [K].
# ENDHEADER
263.0116585610472 13.17360819549211
260.9505146104486 33.78193693608875
258.88937065984993 26.70184092608604
256.8282267092513 23.91325341534946
254.76708275865266 29.0814735342257
252.705938808054 27.214717601594575
250.64479485745537 26.39753667393793
248.58365090685672 29.160676626158065
246.5225069562581 27.213505142554006
244.46136300565945 27.496974430169036
242.4002190550608 27.281236799964
240.33907510446215 30.45172584811071
238.27793115386353 30.396642215768093
236.2167872032649 29.886902392812484
234.15564325266624 29.26284912727993
232.0944993020676 27.966812154502744
230.03335535146897 30.93027173744412
227.97221140087032 28.446103050780824
225.9110674502717 29.928680154480517
223.84992349967303 30.727607528863665
221.7887795490744 31.07447411686111
219.72763559847576 29.825287711592377
217.66649164787714 30.04997957707397
215.6053476972785 32.35924703530887
213.5442037466798 28.550726215041585
211.4830597960812 30.194656818438876
209.42191584548254 30.608263691405444
207.36077189488392 35.36560195727989
205.29962794428528 31.691156568504255
203.23848399368663 32.33220328367972
201.17734004308798 33.305294240636776
199.11619609248936 29.873464661778954
197.05505214189068 28.74668589005095
194.99390819129206 30.472357393358713
192.9327642406934 33.52054903849979
190.87162029009477 33.75838148040507
188.81047633949612 36.022638829233365
186.7493323888975 32.72658473035936
184.68818843829885 34.31629113795312
182.6270444877002 36.63517272525655
180.56590053710156 33.95547508437377
178.5047565865029 33.59969460421591
176.4436126359043 28.815861982330134
174.38246868530564 30.8379742017835
172.321324734707 32.81164615010247
170.26018078410834 33.95374368757793
168.19903683350972 34.26232687668657
166.13789288291107 32.642213024187264
164.07674893231243 34.32530620069019
162.01560498171378 31.60815815128624
159.95446103111516 34.63701185887268
157.8933170805165 34.23526539090104
155.8321731299179 29.913172025469592
153.7710291793192 33.495048650015185
151.7098852287206 36.92772409214258
149.64874127812195 35.430542433505295
147.58759732752333 34.1265033870253
145.52645337692468 37.84719397846496
143.46530942632603 35.06736230548683
141.40416547572738 34.35784156073555
139.34302152512873 33.77084504671489
137.2818775745301 32.34140747660379
135.22073362393147 36.53685606096111
133.15958967333282 32.839302069741116
131.09844572273417 35.8626059804325
129.03730177213555 37.14043602088978
126.9761578215369 35.215866029083124
124.91501387093827 35.75929004996067
122.85386992033962 32.33392035332493
120.79272596974097 34.193458960900955
118.73158201914234 35.3389928417011
116.67043806854369 33.88011361126662
114.60929411794505 36.063289846366054
112.5481501673464 33.711124969379455
110.48700621674777 39.2481245040144
108.42586226614914 33.36128558833112
106.36471831555049 36.275463057410114
104.30357436495186 32.84480753880613
102.24243041435321 36.00963094438951
100.18128646375457 37.76542947222786
98.12014251315594 37.17042487585551
96.0589985625573 36.754133447253935
93.99785461195866 37.24258114131036
91.93671066136002 37.62114132631977
89.87556671076138 36.84548498451568
87.81442276016274 38.749301780219305
85.75327880956411 37.32041215863517
83.69213485896546 34.5027753388293
81.63099090836683 35.85410359570672
79.56984695776816 39.320809354179076
77.50870300716953 36.5956615035409
75.44755905657088 36.97790450079086
73.38641510597225 40.696621841461784
71.32527115537361 34.64215526019165
69.26412720477497 34.5794613184962
67.20298325417633 33.875280513275
65.1418393035777 30.993397707714198
63.08069535297905 36.45001961561424
61.01955140238041 35.95997708137195
58.95840745178177 34.73486668282187
56.897263501183126 37.945195722168265
54.836119550584485 32.02738981113968
52.77497559998585 35.24726628465724
50.7138316493872 37.629863879982985
48.652687698788554 37.01670741592055
46.59154374818991 33.31888709719343
44.53039979759127 33.135911461606156
42.46925584699264 35.15976872647065
40.408111896394 34.70165163152778
38.346967945795356 35.03067167840602
36.285823995196715 37.57893888191512
34.224680044598074 35.23957797007786
32.16353609399943 33.359921197664725
30.10239214340079 37.687743455732075
28.041248192802147 32.738330298058656
25.980104242203506 35.869675092341446
23.91896029160487 35.69344168500038
21.857816341006227 39.5575895843656
19.796672390407586 39.47813420208294
17.735528439808945 38.10832902394612
15.674384489210304 35.745631903394646
13.613240538611663 40.06793210468244
11.552096588013022 41.525634414936306
9.490952637414383 45.05388843288341
7.429808686815741 48.52213173140298
5.3686647362171005 59.258971633776866
3.3075207856184603 71.67447734205786
1.2463768350198192 78.88247174567735
-0.8147671155788214 81.5389964939813
-2.875911066177462 85.35876851658173
-4.937055016776103 92.93046027748412
-6.998198967374744 95.71632448855665
-9.059342917973385 95.67293896497668
-11.120486868572025 92.06740728143811
-13.181630819170667 82.42807103563297
-15.242774769769307 71.26078769590045
-17.303918720367946 65.23843075843948
-19.365062670966587 63.93469680254589
-21.426206621565232 58.94196453667757
-23.48735057216387 58.2740777730636
-25.54849452276251 48.60866759436995
-27.60963847336115 57.41195191405676
-29.670782423959796 57.86267261865954
-31.731926374558434 54.7788906961618
-33.793070325157075 62.29185787261677
-35.854214275755716 60.21375141781943
-37.91535822635436 66.925841237184
-39.976502176953 68.5038488947155
-42.03764612755163 71.4238362442121
-44.09879007815028 77.54301043669665
-46.15993402874892 74.92488389874156
-48.22107797934756 80.11101025962765
-50.282221929946196 78.29683927659937
-52.34336588054484 79.594132454885
-54.40450983114348 86.30065923131194
-56.46565378174212 84.68711123816108
-58.526797732340754 85.40729236472684
-60.587941682939395 77.84266337696637
-62.649085633538036 72.74897064012403
-64.71022958413668 72.71949383203271
-66.77137353473532 70.02519681281028
-68.83251748533395 62.19976809055926
-70.8936614359326 58.722336089162496
-72.95480538653123 51.602295480360965
-75.0159493371299 49.643579329643146
-77.07709328772853 49.85217891945523
-79.13823723832716 51.055518121833515
-81.19938118892581 44.58647373256686
-83.26052513952445 46.43145681009677
-85.3216690901231 44.26709329900091
-87.38281304072173 46.28100425140128
-89.44395699132038 46.16912150627126
-91.50510094191901 49.491713889185064
-93.56624489251764 40.18500481152309
-95.6273888431163 40.313093645310715
-97.68853279371493 41.75597330400311
-99.74967674431358 44.57430862750357
-101.81082069491222 42.156319292402664
-103.87196464551086 41.96859236076234
-105.9331085961095 40.23093675352263
-107.99425254670814 38.80890502459628
-110.05539649730679 39.144306476477055
-112.11654044790544 34.60573982751072
-114.17768439850407 32.90192441391288
-116.23882834910272 31.929964036695594
-118.29997229970135 33.01508640993341
-120.3611162503 30.949312237704316
-122.42226020089863 29.928314501645158
-124.48340415149728 31.985192883365997
-126.54454810209592 28.158165892261227
-128.60569205269454 28.772613681941237
-130.6668360032932 28.691569834417113
-132.72797995389183 25.861403008641492
-134.78912390449048 31.965928205659733
-136.85026785508913 32.32991683812576
-138.91141180568778 27.713909478085895
-140.9725557562864 27.768952931398378
-143.03369970688505 23.60827917208784
-145.09484365748366 26.345428024373614
-147.15598760808234 29.628236665041133
-149.21713155868096 26.42583633836847
-151.2782755092796 25.070664095693335
-153.33941945987823 22.22325045906161
-155.40056341047688 26.646975975957712
-157.46170736107553 28.54102155526931
-159.52285131167417 30.202826439249574
-161.5839952622728 25.103465116359068
-163.64513921287144 29.811123902822562
-165.7062831634701 27.349367751077637
-167.76742711406874 30.768861648394097
-169.8285710646674 28.869686445264524
-171.889715015266 30.569134746029647
-173.95085896586465 27.822552358450316
-176.0120029164633 27.790527165108248
-178.07314686706195 29.675783547621617
-180.13429081766057 27.844122149736112
-182.19543476825922 27.926000730851374
-184.25657871885784 25.268045007366858
-186.31772266945651 30.680408884110125
-188.37886662005513 26.81097266384588
-190.44001057065378 23.08542965082738
-192.5011545212524 30.106211871334242
-194.56229847185108 27.789088064648503
-196.6234424224497 30.424464485910867
-198.68458637304832 25.453345764413896
-200.74573032364694 26.962419320883125
-202.80687427424562 29.574208864001
-204.86801822484423 28.30321353480195
-206.92916217544288 24.360597884120832
-208.9903061260415 27.198583847372028
-211.05145007664015 27.6436909738564
-213.11259402723883 28.62031194675981
-215.17373797783745 31.40385270824728
-217.2348819284361 28.88168420671544
-219.29602587903472 27.22009647382156
-221.3571698296334 23.623710437351892
-223.418313780232 26.29886569111558
-225.47945773083066 32.737665543476915
-227.54060168142928 31.369697943798585
-229.60174563202793 31.826627015477776
-231.66288958262658 27.38344000440591
-233.72403353322522 27.373586527205365
-235.78517748382384 26.77625899848571
-237.8463214344225 29.93871425227462
-239.9074653850211 28.57916498025785
-241.9686093356198 26.726405810079633
-244.0297532862184 28.121183359765087
-246.09089723681706 28.49524473385552
-248.15204118741568 32.35660797471472
-250.21318513801435 28.768806731023112
-252.274329088613 24.946659902360274
-254.33547303921162 33.3124277390526
-256.39661698981024 30.838539348967043
-258.4577609404089 27.252633798862576
-260.51890489100754 29.644510128869356
-262.5800488416062 25.314940586474812
