# BEGINHEADER
# This file contains data from the SALSA 2m radio telescope.
# DATE=2023-04-11T13:58:0054
# GLON and GLAT given in degrees
# GLON=174.81236635188563
# GLAT=-0.24640721163603704
# DATA in two columns below. Col. 1 is velocity relative to LSR [km/s]. Col. 2 is uncalibrated antenna temperature [K].
# ENDHEADER
229.82372463511743 15.11784757657882
227.7625806845188 26.798790568144934
225.70143673392016 26.591478775344402
223.6402927833215 26.825118069740377
221.57914883272286 31.571045629574446
219.51800488212422 31.49473415403155
217.4568609315256 25.448648478131513
215.39571698092695 27.70112498187917
213.3345730303283 29.267704178782797
211.27342907972965 32.962763674319845
209.21228512913103 31.627971439243545
207.15114117853238 29.458189003876246
205.08999722793376 27.38039933175769
203.0288532773351 33.82967575266347
200.96770932673647 29.158482549809854
198.90656537613782 30.151280959923294
196.8454214255392 28.6994707605582
194.78427747494055 26.838301625113175
192.7231335243419 29.444108609628874
190.66198957374326 29.90493034776845
188.60084562314464 27.066636229290367
186.539701672546 31.488718910305707
184.4785577219473 28.57878412696999
182.4174137713487 26.610827872035347
180.35626982075004 31.238625980323317
178.29512587015142 29.53100548241912
176.23398191955278 31.01512136529999
174.17283796895413 29.97004680878739
172.11169401835548 29.811638728565747
170.05055006775686 29.269812216686578
167.9894061171582 31.11090779900532
165.9282621665596 35.23387406441956
163.86711821596091 26.571662054241724
161.8059742653623 35.49869044770202
159.74483031476365 32.43078217715305
157.68368636416503 36.78559270356801
155.62254241356635 31.63983945311268
153.56139846296773 35.48088162095117
151.50025451236908 32.83798259935592
149.43911056177046 33.184908569378955
147.37796661117181 32.19230970671896
145.31682266057314 35.74011417236444
143.25567870997452 35.08779754067273
141.19453475937587 30.606339121418046
139.13339080877725 30.33034546899484
137.0722468581786 32.306631920789066
135.01110290757995 36.655513028716406
132.9499589569813 30.718180454643065
130.88881500638269 35.45381642403031
128.82767105578404 36.81960002956676
126.76652710518539 32.53022462135774
124.70538315458676 33.983601163148464
122.6442392039881 33.73556420524077
120.58309525338947 32.78592874907295
118.52195130279082 34.406789652581544
116.46080735219219 32.07432063692424
114.39966340159354 32.48374226772192
112.33851945099491 36.231457452326836
110.27737550039627 35.57511859642144
108.21623154979763 36.82463434613673
106.15508759919899 40.75927496168931
104.09394364860034 33.27560900186765
102.03279969800171 32.45775083739746
99.97165574740308 38.183520976470675
97.91051179680441 35.08295627452795
95.84936784620578 37.72956158910042
93.78822389560713 36.55778942353402
91.72707994500848 38.19696318889268
89.66593599440985 38.47902422588707
87.6047920438112 29.892371225459673
85.54364809321257 34.46207972139281
83.48250414261392 36.85944631295509
81.42136019201529 37.085350466770315
79.36021624141664 33.591952115913905
77.299072290818 35.013303253947356
75.23792834021937 32.17342048125729
73.17678438962072 37.61469057012976
71.11564043902209 36.66528575343978
69.05449648842344 41.43729693155523
66.9933525378248 36.86970014828265
64.93220858722616 33.90307727732889
62.871064636627516 33.348265949264885
60.809920686028875 35.95776957329937
58.74877673543023 40.84078591748921
56.6876327848316 35.35478023322443
54.62648883423296 35.325067101325786
52.56534488363432 38.08917045240776
50.504200933035676 33.28188280662203
48.44305698243704 36.64156283377135
46.3819130318384 32.941882512468815
44.32076908123976 35.38356637954503
42.25962513064111 35.67702214632771
40.19848118004248 36.681109160292856
38.13733722944384 32.41792781168672
36.076193278845196 34.3044620565487
34.015049328246555 38.26822718483318
31.953905377647914 34.99057249056795
29.892761427049276 40.00391545826431
27.83161747645063 38.73675802984425
25.77047352585199 33.95672629025551
23.70932957525335 37.7776179088877
21.648185624654708 36.92037427875006
19.587041674056067 36.89528767551796
17.525897723457426 43.22740806788675
15.464753772858785 46.13017604111793
13.403609822260146 53.42988231960947
11.342465871661505 55.18945006130093
9.281321921062863 73.40969705909278
7.220177970464223 93.91773418021268
5.159034019865582 106.95110388001117
3.097890069266942 113.38065182221938
1.036746118668301 123.44894920218698
-1.02439783193034 126.8344310135006
-3.0855417825289813 131.1677348842647
-5.1466857331276215 126.52172172568432
-7.2078296837262625 130.15376161977747
-9.268973634324903 121.46104475128007
-11.330117584923544 111.01540939186711
-13.391261535522187 114.28623914047984
-15.452405486120826 106.89904493265165
-17.513549436719465 96.09070687759109
-19.57469338731811 85.10943709324967
-21.63583733791675 76.31703350200942
-23.69698128851539 70.1678844028844
-25.758125239114026 60.203100405018745
-27.819269189712667 49.05841145302832
-29.880413140311312 50.642786895596046
-31.94155709090995 48.69882659293795
-34.00270104150859 42.28760701602777
-36.063844992107235 43.153335498886435
-38.124988942705876 44.317009877805404
-40.18613289330452 36.037240909504035
-42.24727684390315 38.92109381506236
-44.30842079450179 36.56301056338236
-46.36956474510043 34.254758929067116
-48.430708695699074 41.2429523155871
-50.49185264629772 39.896589047881776
-52.55299659689636 37.44456321074674
-54.614140547495005 35.67545024530041
-56.675284498093646 34.344601866955905
-58.73642844869229 36.318655938074066
-60.79757239929093 34.45740008283752
-62.85871634988957 35.20057405333477
-64.91986030048821 34.56022381569339
-66.98100425108686 33.86369028004245
-69.04214820168549 31.955658032598777
-71.10329215228414 32.14930940463866
-73.16443610288277 34.079611857056136
-75.22558005348141 30.13448471909738
-77.28672400408006 32.21282300673903
-79.34786795467869 34.52917236731849
-81.40901190527734 31.2297202373182
-83.47015585587597 32.512393951375316
-85.53129980647462 33.665487882864426
-87.59244375707326 35.099078210468676
-89.65358770767189 34.66648290909929
-91.71473165827054 29.090126721181345
-93.77587560886917 29.882897358925586
-95.83701955946782 29.90019030719292
-97.89816351006645 33.49039277359939
-99.95930746066509 30.620999023517307
-102.02045141126372 33.21323777971896
-104.08159536186238 35.271537632762836
-106.14273931246102 29.49333177912569
-108.20388326305965 32.34826576592216
-110.2650272136583 28.526075899481114
-112.32617116425693 32.21056318555335
-114.38731511485558 30.40344272224097
-116.44845906545422 27.144992212246173
-118.50960301605286 28.991492794205026
-120.5707469666515 32.97790397138405
-122.63189091725013 31.240859199715974
-124.69303486784878 26.52931286335974
-126.75417881844741 28.75849675344801
-128.81532276904608 33.98096256088798
-130.8764667196447 29.903545871406223
-132.93761067024334 29.494933891403583
-134.998754620842 29.299125860797513
-137.05989857144064 29.726999396961922
-139.12104252203926 28.520716957291
-141.1821864726379 29.483572197553446
-143.24333042323653 30.363282561704526
-145.3044743738352 28.564694744187857
-147.36561832443383 29.998405719978017
-149.42676227503247 26.472042035139282
-151.4879062256311 29.953709999902042
-153.54905017622974 27.62043509884366
-155.6101941268284 30.86414048940131
-157.67133807742704 28.90299871877614
-159.73248202802566 30.404891244489615
-161.7936259786243 29.6176165633317
-163.85476992922295 31.74423131266032
-165.9159138798216 25.15107869999485
-167.97705783042025 24.449489934345074
-170.03820178101887 26.257329884482925
-172.09934573161752 26.494238598662715
-174.16048968221617 24.727150002132717
-176.22163363281481 29.22264963096447
-178.28277758341343 29.754765027558637
-180.34392153401208 27.155063484750013
-182.4050654846107 27.914521820315066
-184.46620943520938 27.036955003835594
-186.527353385808 25.606032298849826
-188.58849733640665 21.42299701528114
-190.64964128700527 30.580353352974157
-192.71078523760391 22.54619154470686
-194.77192918820256 27.40998670370412
-196.8330731388012 28.078644507484405
-198.89421708939983 26.536949549188247
-200.95536103999848 29.160257951203633
-203.01650499059716 33.11726336618074
-205.07764894119578 27.855296417162688
-207.13879289179442 25.101367362385883
-209.19993684239304 30.161871738707312
-211.2610807929917 28.864495724161046
-213.32222474359034 29.105557401389277
-215.383368694189 26.570887722113234
-217.4445126447876 24.12160550345153
-219.50565659538626 27.236646268542337
-221.56680054598488 31.696881156847105
-223.62794449658355 23.786340507815755
-225.68908844718217 24.61291414836658
-227.75023239778082 35.10695506286378
-229.81137634837944 29.254605411512888
-231.8725202989781 26.688873013913454
-233.93366424957674 28.273615273747684
-235.99480820017538 28.42564832082646
-238.05595215077403 25.698338982954958
-240.11709610137265 30.01557666627195
-242.17824005197133 29.16193223933211
-244.23938400256995 29.313047387530997
-246.3005279531686 27.84427887740677
-248.36167190376722 28.93690884830981
-250.42281585436587 27.55832656544274
-252.4839598049645 29.133705590738927
-254.54510375556316 26.14453237859816
-256.6062477061618 30.327135956195935
-258.6673916567604 28.456486510470846
-260.72853560735905 31.261614860402787
-262.7896795579577 29.38969521488724
-264.85082350855635 29.99360836658093
-266.911967459155 27.504859510928032
-268.97311140975364 27.79334601068202
-271.0342553603523 27.984719786140307
-273.0953993109509 23.95812283282078
-275.15654326154953 34.13591656894099
-277.21768721214823 27.39622414363322
-279.2788311627468 27.954646792043217
-281.3399751133455 30.056501062339017
-283.4011190639441 30.623841815078848
-285.46226301454277 27.049625520993164
-287.5234069651414 27.001382191902962
-289.58455091574 30.622560157077125
-291.6456948663387 23.948772088568795
-293.7068388169373 26.83707875719816
-295.76798276753595 31.272394037812408
