# BEGINHEADER
# This file contains data from the SALSA 2m radio telescope.
# DATE=2023-04-11T13:45:0056
# GLON and GLAT given in degrees
# GLON=99.82402827740117
# GLAT=-0.04969802178982155
# DATA in two columns below. Col. 1 is velocity relative to LSR [km/s]. Col. 2 is uncalibrated antenna temperature [K].
# ENDHEADER
281.9109164788014 15.037686356980773
279.8497725282027 32.359666959874886
277.78862857760413 26.0109696922308
275.7274846270055 30.451512477825382
273.66634067640683 28.381147541582962
271.6051967258082 28.52991584869512
269.54405277520954 24.178700696078092
267.48290882461094 23.437746628445606
265.4217648740123 25.96558004346361
263.3606209234136 29.698339785882794
261.299476972815 27.39579846699388
259.23833302221635 30.219708674033843
257.1771890716177 29.675174369097817
255.11604512101908 27.282301353823406
253.05490117042044 23.613940611004846
250.99375721982176 34.94867707028121
248.93261326922314 29.112801670881947
246.8714693186245 28.930655614987973
244.81032536802587 29.00478032450965
242.7491814174272 30.137616396296885
240.68803746682858 34.11546561098194
238.62689351622993 29.917445773485166
236.5657495656313 32.254073175643455
234.50460561503266 29.556141047480445
232.443461664434 33.29629056131873
230.38231771383536 31.640756989262687
228.32117376323674 26.361102704521873
226.2600298126381 23.35849537340882
224.19888586203948 28.722445795308914
222.1377419114408 28.887781704296547
220.07659796084218 31.7764871306696
218.01545401024353 33.847641257370995
215.9543100596449 32.375250261753756
213.89316610904626 31.687253083889225
211.8320221584476 29.78258713615421
209.77087820784897 32.269532351656814
207.70973425725032 31.10543404299735
205.6485903066517 32.970344308748
203.58744635605302 34.4711526004231
201.5263024054544 31.132489804985738
199.46515845485575 36.071532147724454
197.40401450425713 36.82837891783506
195.34287055365849 34.73371470984884
193.28172660305984 29.52826248602523
191.2205826524612 29.710980959113602
189.15943870186257 38.23540896989376
187.09829475126392 31.41327076341662
185.0371508006653 34.69943176812105
182.97600685006663 32.44966901216837
180.914862899468 37.76627242755749
178.85371894886936 35.78527194977143
176.79257499827074 35.16021231132315
174.73143104767206 36.49379281674483
172.6702870970734 35.91125459338302
170.6091431464748 35.96309484347843
168.54799919587614 31.348745111324284
166.48685524527752 31.610473029853175
164.42571129467885 33.834530473510306
162.36456734408023 35.14791287859255
160.30342339348158 35.004472805981656
158.24227944288296 35.231253706085965
156.1811354922843 33.845599169335635
154.11999154168566 35.12490319086555
152.05884759108702 39.03240502430082
149.9977036404884 34.20974588526799
147.93655968988975 36.57473221118243
145.8754157392911 33.200584548945606
143.81427178869245 36.701660686982066
141.75312783809383 30.571842986887862
139.69198388749518 34.943376074685595
137.63083993689656 34.84411684324968
135.5696959862979 35.10825857901272
133.50855203569924 36.76060461349877
131.44740808510062 37.06390312575189
129.38626413450197 37.36150188976893
127.32512018390334 38.92614689585078
125.2639762333047 37.89618318214914
123.20283228270605 35.682859989991684
121.14168833210742 35.764279522716244
119.08054438150877 35.528407264780924
117.01940043091012 36.6861165033806
114.95825648031149 36.69685676278695
112.89711252971284 38.9615403288297
110.83596857911421 37.65025381320251
108.77482462851556 37.35713984145754
106.71368067791693 38.02972939950948
104.65253672731828 39.89815219146984
102.59139277671964 36.98242669065852
100.53024882612101 35.56105884650392
98.46910487552235 34.3100768982512
96.40796092492371 32.90249598789908
94.34681697432508 38.57241615428517
92.28567302372643 36.131906488878734
90.2245290731278 35.88803262717568
88.16338512252915 36.03517620504315
86.10224117193052 32.7625502583886
84.04109722133187 39.01370619078968
81.97995327073323 36.41831867274594
79.9188093201346 39.35273861040076
77.85766536953594 35.18170488824394
75.7965214189373 38.21309137358076
73.73537746833865 36.4072423902636
71.67423351774002 38.75246829256066
69.61308956714137 35.290208230045046
67.55194561654274 40.92083520250712
65.4908016659441 38.52704154382389
63.429657715345456 36.5890178630928
61.36851376474682 33.88952048698351
59.30736981414818 38.83099175074337
57.24622586354954 37.68430540468884
55.1850819129509 40.43481128970034
53.12393796235226 36.081229960342235
51.06279401175362 35.00097656326426
49.001650061154976 40.57468828410689
46.940506110556335 39.95019769536823
44.8793621599577 32.63528565345501
42.81821820935906 36.48108284952254
40.75707425876042 36.80391859905253
38.69593030816178 33.85026721096791
36.63478635756314 37.12798497780052
34.573642406964495 35.91991649889368
32.512498456365854 38.16796431017484
30.451354505767213 34.35795357986294
28.390210555168572 36.41158100905032
26.329066604569935 42.9555491184574
24.267922653971286 36.955223333261145
22.20677870337265 29.8798515011675
20.145634752774008 38.39033106569273
18.084490802175367 36.502100117548885
16.023346851576726 37.67696755408561
13.962202900978086 43.710314493563
11.901058950379445 48.53628092213534
9.839914999780804 49.76215696611783
7.778771049182164 61.151780100898854
5.717627098583523 76.17625398882494
3.6564831479848823 98.11088867987537
1.595339197386241 104.27798702670044
-0.46580475321239945 106.33536176408035
-2.52694870381104 101.78099351658912
-4.588092654409681 97.59739258967089
-6.649236605008321 91.17954909625182
-8.710380555606962 86.28463673571055
-10.771524506205605 78.55466707374393
-12.832668456804246 81.1690314322334
-14.893812407402885 74.05578352451889
-16.954956358001528 76.48246842693958
-19.016100308600166 75.30257610586538
-21.077244259198807 71.94702333991219
-23.13838820979745 68.85541555406918
-25.19953216039609 63.23614098650303
-27.26067611099473 64.18119340172763
-29.321820061593368 61.54036844965102
-31.38296401219201 59.539577907203885
-33.44410796279065 68.7755325807445
-35.505251913389294 61.44816819687716
-37.566395863987935 62.33796103854174
-39.62753981458657 60.51431653999891
-41.68868376518521 63.515168131859106
-43.74982771578385 65.11623242541944
-45.81097166638249 66.53805021631888
-47.87211561698114 66.914706524569
-49.93325956757978 70.89395736833242
-51.99440351817842 62.808871247550286
-54.055547468777064 68.85187345112759
-56.116691419375705 70.80733454661524
-58.177835369974346 70.82789229415917
-60.23897932057299 72.69974873320213
-62.30012327117162 75.57902227718506
-64.36126722177026 73.56203721192459
-66.42241117236891 69.58096540686591
-68.48355512296754 68.26893579071762
-70.54469907356618 65.98365858809049
-72.60584302416483 58.22735717077158
-74.66698697476346 52.20013495839521
-76.72813092536212 50.38270799495537
-78.78927487596076 51.37553077832779
-80.8504188265594 43.783895895986134
-82.91156277715804 48.28689895848029
-84.97270672775667 46.490055985288016
-87.03385067835532 47.06040951458751
-89.09499462895396 47.14750300370684
-91.1561385795526 50.26184795343293
-93.21728253015124 57.67939877371498
-95.27842648074989 56.41526254354069
-97.33957043134852 50.211017945229095
-99.40071438194715 43.82107304192266
-101.46185833254579 45.51066327701366
-103.52300228314442 42.92448516903105
-105.58414623374307 39.29678540606586
-107.6452901843417 42.768276589155526
-109.70643413494035 37.37910834013845
-111.76757808553899 31.960116036337944
-113.82872203613763 36.08922266457082
-115.88986598673628 30.72243577314706
-117.95100993733492 34.0854727048746
-120.01215388793356 27.61951968684492
-122.0732978385322 28.13986420855027
-124.13444178913085 27.495399279599138
-126.19558573972948 30.170688656440586
-128.25672969032811 30.652186227252457
-130.31787364092676 32.531003618010494
-132.37901759152538 30.69577313043645
-134.44016154212403 34.46267744318855
-136.5013054927227 29.326217971143034
-138.56244944332133 28.855131479491483
-140.62359339391998 28.292917988679314
-142.6847373445186 25.06012228420079
-144.74588129511727 27.850050211556923
-146.8070252457159 26.675480941037012
-148.86816919631454 28.669146947593298
-150.92931314691316 36.68143174924254
-152.9904570975118 27.052073698162427
-155.05160104811046 32.518766027806706
-157.1127449987091 29.5833852351273
-159.17388894930772 30.290588646892463
-161.23503289990637 25.665842888623825
-163.296176850505 28.700936305518344
-165.35732080110367 28.441273930266558
-167.4184647517023 26.025953835337535
-169.47960870230094 25.5631466378045
-171.54075265289956 26.962945355818256
-173.6018966034982 25.29677638572677
-175.66304055409688 23.95329923192729
-177.7241845046955 26.733945659278277
-179.78532845529415 27.452570103194205
-181.84647240589277 29.452650777849616
-183.90761635649145 30.352475510163945
-185.96876030709006 30.2690185685128
-188.0299042576887 26.5333462969223
-190.09104820828733 29.603589665958257
-192.15219215888598 30.874686262865655
-194.21333610948463 27.239080611752584
-196.27448006008328 23.70665750394264
-198.3356240106819 25.640498110969443
-200.39676796128055 24.924639496422227
-202.45791191187917 24.48514247251513
-204.51905586247784 30.750798050548436
-206.58019981307646 26.301038100153168
-208.6413437636751 28.42957707555242
-210.70248771427373 28.65997767560855
-212.7636316648724 27.39009544327052
-214.82477561547105 26.747918738541955
-216.88591956606967 28.05046313834717
-218.94706351666832 30.72270109575623
-221.00820746726694 28.181442087666454
-223.06935141786562 31.630840518794393
-225.13049536846424 30.672728083563
-227.1916393190629 24.20838456754715
-229.2527832696615 27.489120048741338
-231.31392722026015 26.336067691861228
-233.3750711708588 25.804253606056
-235.43621512145745 30.00667025272666
-237.49735907205607 31.521205969109467
-239.55850302265472 25.153422814027046
-241.61964697325337 26.92603958022972
-243.68079092385202 32.46609480840145
