GLong	x1	x2	x3
64.8010272859	7.6345194343410165	-70.68895068840733
69.8139509574	7.466275722784425	-68.79605044936527
74.8812339126	4.937464218663613	-69.26371800288746
79.8871988817	4.253439426390315	-72.00888674575938
84.8475571293	-4.876928972603168	-72.89467934235832
89.8429226712	4.321012962950932	-78.1247450609947
94.8490615036	0.963667883398873	-54.68721878276443
99.8240282774	-0.46580475321239945	-62.30012327117162
104.793874870	-2.0200310081037376	-59.73206162486567
109.835874994	-1.6651633618901527	-53.19376212685617	-98.53892904002628
114.813115142	-1.3348753748882058	-52.863474139854226	-98.53892904002628
119.824629693	-9.318353982911349	-58.78580879727873	-98.53892904002628
124.820461577	-6.998198967374744	-54.40450983114348	-98.53892904002628
129.845544327	-4.685477839769971	-54.152932654137345	-98.53892904002628
134.797381370	-4.33224997346118	-45.555128985433996	-98.53892904002628
139.879874853	-6.065771479618857	-47.288650491591675	-98.53892904002628
144.828625635	-36.45145428657768	-47.288650491591675	-98.53892904002628
149.868255323	-31.734453310673715	-47.288650491591675	-98.53892904002628
154.839072739	-26.81429189865716	-47.288650491591675	-98.53892904002628
159.794883545	-17.581963294623815	-47.288650491591675	-98.53892904002628
164.863131871	-10.272876033375518	-47.288650491591675	-98.53892904002628
169.808456180	-8.847887152149838	-47.288650491591675	-98.53892904002628
174.812366351	-3.0855417825289813	-47.288650491591675	-98.53892904002628
179.794700486	-1.16661384329292	-47.288650491591675	-98.53892904002628
184.870216977	5.124164502903215	-47.288650491591675	-98.53892904002628
189.873205516	3.499354774531498	-47.288650491591675	-98.53892904002628
194.847703973	8.376488031861902	-47.288650491591675	-98.53892904002628
199.816578645	7.3903408886345625	-47.288650491591675	-98.53892904002628
204.891958465	8.780826589683889	54.125993502853994	-98.53892904002628
209.861542954	10.51863292960051	59.986087743967886	-98.53892904002628
214.826552915	49.68944328120736	6.405420318635902	-98.53892904002628
219.791355971	14.99306992772559	60.33823684089569	-98.53892904002628
224.859402050	15.680794788902238	61.02596170207233	-98.53892904002628
